301 195 3
301 204 3
301 269 3
301 283 3
301 318 3
301 423 3
301 481 2
301 515 3
302 242 3
302 268 3
302 286 3
302 300 3
302 304 3
302 313 3
302 315 3
302 316 3
302 875 2
303 258 4
303 294 3
303 300 4
303 301 4
303 305 3
303 306 4
303 319 3
303 325 3
303 332 3
303 333 4
303 340 4
303 343 3
304 136 4
304 172 4
304 193 4
304 237 4
304 245 4
304 286 4
304 480 4
304 566 4
304 603 4
304 606 4
304 705 4
305 87 3
305 204 3
305 288 3
305 327 3
305 427 3
305 651 3
305 655 3
306 1 4
306 50 4
306 127 4
306 151 3
306 252 3
306 255 3
306 748 3
306 924 3
307 111 3
307 121 3
307 125 3
307 181 3
307 220 3
307 252 3
307 258 3
307 298 3
307 300 3
307 458 3
307 546 3
307 815 3
307 926 2
308 336 3
308 353 4
308 751 3
308 873 3
308 879 3
309 268 4
309 270 3
309 292 4
309 300 4
309 302 4
309 313 4
309 335 3
309 343 3
309 346 3
309 682 2
309 689 3
309 895 3
310 21 2
310 94 2
310 181 3
310 258 3
310 300 3
310 473 2
310 596 2
311 1 4
311 50 4
311 151 3
311 259 2
311 269 4
311 272 4
311 300 3
311 736 4
312 1 4
312 9 4
312 100 4
312 129 3
312 268 4
312 276 4
312 410 3
312 475 4
312 740 3
313 243 2
313 286 3
313 289 3
313 310 3
313 311 3
313 313 3
313 323 3
313 332 3
313 748 3
314 288 4
314 300 4
314 313 4
314 319 3
314 326 3
314 333 4
314 538 3
315 117 4
315 125 4
315 243 3
315 245 3
315 288 4
315 301 4
315 304 3
315 326 3
315 339 3
315 340 4
315 410 4
315 748 3
315 988 4
316 14 3
316 25 3
316 286 3
316 313 3
316 319 3
316 321 3
316 676 3
317 272 4
317 340 4
317 345 3
317 690 3
317 902 3
318 22 4
318 258 4
318 269 4
318 286 4
318 288 3
318 301 4
318 311 3
318 313 4
318 515 4
318 525 4
318 538 3
318 882 3
319 271 2
319 288 2
319 289 2
319 301 2
319 310 2
319 322 2
319 338 2
319 538 2
319 682 2
319 690 2
319 877 2
319 989 2
320 258 4
320 262 4
320 268 4
320 269 4
320 271 3
320 305 3
320 307 3
320 325 3
320 333 4
320 689 3
320 890 3
321 150 4
321 151 4
321 191 4
321 194 4
321 198 4
321 205 4
321 222 4
321 237 3
321 276 4
321 288 3
321 455 3
321 514 4
321 538 3
321 902 3
322 7 3
322 21 1
322 24 2
322 125 3
322 222 3
322 405 2
322 410 2
322 685 2
322 849 2
323 100 4
323 257 4
323 261 3
323 288 3
323 294 3
323 328 4
323 456 3
323 881 2
324 245 2
324 258 3
324 289 2
324 322 2
324 323 1
324 328 2
324 680 1
324 879 2
325 237 3
325 259 2
325 275 3
325 278 2
325 300 3
325 313 3
325 328 3
325 343 3
325 681 4
325 682 3
325 742 3
325 895 3
326 13 3
326 14 4
326 150 4
326 235 3
326 242 4
326 269 4
326 286 4
326 287 3
326 321 3
326 476 3
326 756 3
327 286 3
327 304 3
327 331 3
327 333 3
327 334 3
327 690 3
328 251 4
328 257 4
328 258 4
328 304 3
328 740 3
328 748 3
328 845 3
329 264 3
329 271 3
329 299 3
329 300 3
329 322 3
329 326 3
329 328 3
329 350 3
329 354 3
329 879 3
330 259 2
330 269 4
330 301 3
330 313 4
330 333 4
330 338 2
330 689 3
330 750 4
330 751 3
330 879 3
330 880 3
331 1 4
331 5 4
331 7 4
331 8 4
331 9 4
331 11 4
331 12 4
331 22 4
331 31 4
331 38 3
331 44 4
331 53 3
331 54 3
331 56 4
331 70 4
331 73 3
331 77 4
331 79 4
331 82 4
331 95 4
331 96 4
331 97 4
331 98 4
331 105 3
331 106 3
331 117 4
331 118 3
331 120 3
331 121 4
331 122 3
331 123 4
331 125 4
331 144 4
331 148 3
331 156 4
331 159 4
331 172 4
331 174 4
331 181 4
331 182 4
331 195 4
331 204 4
331 210 4
331 218 4
331 222 4
331 228 4
331 229 3
331 230 4
331 232 3
331 233 4
331 234 4
331 235 3
331 237 4
331 240 3
331 249 3
331 252 3
331 255 3
331 257 4
331 258 4
331 264 3
331 265 4
331 271 3
331 273 4
331 282 4
331 288 4
331 291 3
331 293 4
331 294 3
331 295 4
331 298 3
331 300 4
331 307 3
331 313 4
331 323 3
331 326 3
331 327 4
331 328 4
331 333 4
331 342 4
331 354 4
331 356 4
331 369 3
331 370 3
331 405 3
331 406 3
331 409 3
331 410 3
331 431 3
331 449 3
331 450 3
331 451 4
331 470 4
331 546 3
331 566 4
331 597 3
331 628 4
331 651 4
331 660 4
331 673 4
331 679 3
331 682 3
331 684 4
331 693 4
331 696 3
331 717 4
331 728 3
331 742 4
331 746 4
331 756 3
331 763 3
331 770 3
331 815 3
331 824 3
331 827 3
331 831 3
331 833 4
331 840 3
331 841 3
331 845 3
331 866 4
331 871 3
331 879 4
331 928 3
331 931 3
331 934 3
331 975 3
331 978 3
331 982 3
331 983 3
332 66 3
332 88 3
332 98 3
332 100 3
332 168 3
332 174 4
332 186 3
332 276 3
332 435 3
332 513 2
332 739 3
332 748 3
332 873 2
333 4 4
333 7 4
333 8 4
333 9 4
333 12 4
333 13 4
333 19 3
333 20 3
333 22 4
333 23 4
333 28 4
333 42 4
333 50 4
333 52 3
333 56 4
333 58 3
333 59 4
333 61 4
333 68 3
333 69 4
333 72 3
333 73 3
333 74 1
333 77 3
333 79 4
333 81 4
333 82 4
333 83 4
333 86 4
333 89 4
333 91 3
333 93 4
333 95 4
333 98 4
333 100 4
333 111 3
333 115 4
333 116 3
333 117 4
333 124 3
333 125 3
333 127 4
333 131 3
333 132 4
333 134 4
333 135 4
333 143 4
333 150 4
333 151 3
333 153 4
333 154 4
333 155 3
333 160 4
333 163 3
333 164 3
333 168 4
333 169 4
333 170 4
333 171 4
333 172 4
333 173 4
333 174 4
333 175 4
333 176 4
333 179 4
333 181 4
333 182 4
333 183 4
333 185 4
333 186 4
333 191 4
333 196 4
333 197 4
333 200 4
333 203 4
333 204 4
333 207 4
333 210 4
333 213 4
333 216 4
333 217 3
333 220 3
333 221 3
333 222 4
333 223 4
333 224 4
333 225 3
333 227 3
333 228 4
333 229 3
333 230 3
333 231 3
333 235 3
333 237 4
333 238 4
333 239 3
333 244 3
333 245 3
333 248 3
333 250 3
333 255 3
333 258 4
333 265 4
333 268 4
333 269 4
333 272 4
333 275 4
333 276 4
333 277 3
333 282 4
333 283 3
333 285 4
333 286 4
333 287 3
333 288 3
333 289 3
333 293 4
333 297 3
333 300 4
333 301 3
333 302 4
333 303 4
333 305 3
333 306 4
333 310 4
333 311 3
333 312 3
333 315 4
333 316 4
333 317 4
333 318 4
333 319 3
333 322 3
333 324 3
333 326 3
333 328 4
333 333 4
333 337 4
333 338 3
333 340 4
333 345 4
333 346 3
333 347 4
333 371 3
333 387 3
333 396 4
333 405 3
333 408 4
333 421 3
333 423 4
333 425 4
333 427 4
333 428 4
333 429 4
333 430 4
333 433 4
333 436 4
333 443 4
333 449 3
333 450 2
333 461 4
333 462 3
333 474 4
333 476 2
333 481 3
333 483 4
333 484 4
333 488 3
333 494 3
333 498 3
333 500 4
333 502 4
333 505 3
333 506 4
333 508 4
333 510 4
333 512 3
333 514 4
333 515 4
333 521 4
333 525 4
333 529 3
333 531 4
333 537 4
333 553 3
333 558 4
333 566 4
333 569 3
333 577 3
333 582 3
333 591 4
333 603 4
333 606 3
333 607 3
333 608 4
333 620 3
333 628 4
333 629 4
333 631 3
333 635 3
333 640 3
333 642 3
333 652 3
333 655 4
333 657 4
333 658 4
333 663 3
333 675 4
333 684 4
333 689 3
333 693 4
333 707 3
333 708 3
333 709 3
333 710 3
333 712 3
333 716 3
333 736 3
333 740 3
333 742 4
333 744 3
333 746 3
333 753 3
333 762 3
333 792 3
333 815 3
333 840 3
333 845 3
333 846 3
333 855 3
333 856 3
333 865 4
333 870 3
333 877 3
333 879 3
333 886 3
333 887 3
333 888 2
333 896 3
333 899 3
333 902 2
333 905 3
333 931 2
333 936 4
333 937 4
333 945 2
333 950 2
333 955 4
333 961 4
333 969 3
334 258 4
334 260 3
334 269 4
334 300 4
334 313 4
334 322 3
334 323 3
334 324 3
334 342 3
334 347 3
334 902 3
335 3 3
335 4 3
335 13 4
335 15 4
335 33 3
335 41 3
335 42 3
335 49 3
335 56 4
335 63 3
335 66 4
335 67 2
335 70 3
335 88 4
335 90 3
335 105 3
335 111 4
335 117 4
335 122 2
335 124 4
335 125 4
335 151 3
335 153 4
335 154 3
335 158 3
335 168 4
335 186 4
335 202 4
335 204 4
335 208 3
335 216 4
335 232 3
335 237 4
335 239 4
335 275 4
335 276 4
335 282 4
335 288 3
335 290 3
335 367 3
335 383 2
335 388 3
335 395 3
335 399 3
335 401 3
335 405 4
335 410 3
335 451 3
335 475 4
335 546 3
335 571 2
335 575 3
335 577 3
335 619 3
335 628 3
335 692 4
335 710 3
335 722 3
335 732 4
335 738 3
335 742 4
335 763 3
335 781 4
335 785 3
335 790 3
335 796 3
335 824 3
335 845 4
335 859 2
335 864 3
335 926 3
335 959 3
335 998 3
335 999 4
336 15 4
336 106 3
336 121 4
336 127 4
336 135 4
336 222 4
336 228 4
336 235 3
336 371 3
336 380 4
336 392 4
336 449 3
336 515 4
336 520 4
336 636 3
336 742 4
336 831 3
336 879 3
337 1 4
337 56 4
337 79 4
337 83 4
337 100 4
337 132 4
337 133 4
337 134 4
337 135 4
337 168 4
337 170 4
337 175 4
337 189 4
337 194 4
337 196 4
337 197 4
337 208 3
337 211 4
337 212 3
337 215 4
337 269 4
337 286 4
337 294 3
337 306 4
337 408 4
337 427 4
337 435 4
337 443 4
337 462 4
337 474 4
337 480 4
337 483 4
337 484 4
337 486 4
337 490 4
337 494 4
337 498 4
337 511 4
337 513 4
337 514 4
337 516 4
337 523 4
337 525 4
337 603 4
337 604 4
337 606 4
337 607 3
337 613 4
337 650 4
337 654 4
337 663 4
337 708 4
337 792 4
337 945 4
338 1 4
338 4 4
338 5 3
338 7 4
338 11 4
338 12 4
338 22 4
338 23 4
338 25 3
338 28 4
338 29 3
338 30 4
338 32 4
338 42 3
338 45 4
338 47 3
338 50 4
338 55 4
338 58 3
338 64 4
338 65 4
338 67 3
338 69 4
338 73 3
338 74 1
338 76 4
338 79 4
338 80 3
338 81 4
338 86 3
338 88 4
338 89 4
338 91 3
338 97 4
338 98 4
338 100 4
338 101 3
338 117 4
338 121 3
338 124 4
338 126 3
338 127 4
338 130 3
338 131 3
338 132 4
338 133 4
338 134 4
338 135 4
338 136 4
338 139 3
338 144 4
338 145 2
338 150 4
338 151 4
338 153 4
338 154 4
338 156 4
338 159 3
338 160 4
338 161 3
338 163 3
338 167 3
338 168 4
338 170 4
338 173 4
338 174 4
338 175 4
338 179 4
338 180 4
338 181 4
338 182 4
338 183 4
338 185 4
338 186 4
338 188 3
338 190 4
338 191 4
338 192 4
338 194 4
338 195 4
338 196 4
338 197 4
338 198 4
338 199 4
338 203 4
338 204 4
338 205 3
338 208 4
338 209 4
338 214 3
338 222 4
338 226 3
338 227 3
338 228 4
338 231 3
338 233 3
338 234 4
338 235 3
338 238 4
338 240 3
338 248 4
338 257 4
338 258 4
338 265 4
338 269 4
338 270 3
338 276 3
338 286 4
338 288 3
338 298 4
338 302 4
338 317 4
338 327 3
338 347 4
338 357 4
338 380 4
338 402 4
338 403 4
338 404 4
338 410 3
338 411 3
338 415 2
338 423 4
338 427 4
338 428 4
338 431 4
338 433 4
338 435 4
338 436 4
338 447 4
338 451 3
338 461 4
338 469 4
338 474 4
338 475 4
338 478 4
338 479 4
338 483 4
338 484 4
338 485 3
338 488 4
338 496 4
338 503 3
338 508 4
338 509 4
338 511 4
338 514 4
338 515 4
338 516 4
338 521 3
338 522 4
338 523 4
338 525 4
338 528 4
338 530 4
338 546 3
338 549 4
338 550 3
338 566 4
338 568 4
338 573 3
338 582 3
338 589 4
338 603 4
338 607 4
338 614 4
338 631 3
338 636 3
338 637 3
338 640 3
338 642 4
338 649 4
338 650 4
338 655 4
338 657 4
338 661 4
338 663 3
338 673 3
338 675 4
338 678 3
338 693 3
338 702 3
338 709 4
338 719 2
338 737 3
338 739 3
338 770 3
338 772 3
338 806 4
338 823 3
338 845 3
338 856 4
338 939 4
338 942 4
338 961 4
339 1 3
339 15 3
339 50 4
339 66 3
339 71 3
339 143 3
339 173 3
339 174 3
339 186 3
339 199 3
339 204 3
339 205 3
339 215 3
339 265 3
339 274 3
339 417 3
339 418 3
339 423 3
339 435 3
339 502 3
339 504 3
339 520 3
339 526 3
339 584 3
339 588 3
339 946 3
340 3 3
340 4 3
340 7 4
340 8 4
340 11 4
340 13 3
340 15 4
340 23 4
340 25 4
340 26 3
340 28 4
340 32 4
340 47 4
340 56 4
340 58 3
340 68 3
340 92 4
340 93 3
340 95 4
340 98 4
340 100 4
340 108 3
340 111 3
340 122 3
340 123 3
340 124 4
340 125 3
340 131 4
340 132 4
340 133 3
340 134 4
340 135 4
340 143 3
340 144 4
340 156 4
340 160 4
340 174 4
340 175 4
340 179 4
340 188 3
340 189 4
340 191 4
340 192 4
340 193 4
340 194 4
340 196 4
340 197 4
340 204 4
340 208 4
340 212 3
340 216 3
340 220 3
340 223 4
340 237 4
340 238 4
340 240 3
340 248 4
340 251 4
340 255 3
340 257 4
340 262 3
340 274 4
340 276 4
340 282 3
340 287 3
340 288 3
340 289 3
340 294 3
340 297 4
340 298 3
340 301 3
340 319 3
340 320 4
340 326 3
340 327 3
340 357 4
340 367 3
340 378 3
340 381 4
340 382 4
340 408 4
340 410 3
340 412 3
340 421 3
340 423 4
340 427 4
340 433 4
340 461 4
340 478 4
340 482 4
340 483 4
340 487 3
340 496 4
340 499 3
340 508 4
340 517 3
340 518 4
340 531 4
340 535 4
340 544 3
340 547 3
340 574 4
340 581 4
340 584 3
340 591 3
340 606 3
340 607 3
340 654 4
340 655 4
340 656 3
340 657 4
340 663 3
340 699 4
340 723 4
340 724 4
340 732 3
340 746 3
340 762 3
340 764 3
340 772 3
340 789 3
340 792 3
340 818 3
340 844 3
340 846 3
340 866 3
340 873 2
340 875 3
340 928 3
340 950 2
340 952 2
340 965 4
340 974 3
340 975 3
341 1 4
341 3 3
341 4 4
341 7 4
341 8 4
341 9 4
341 10 4
341 11 4
341 20 3
341 23 4
341 25 4
341 26 4
341 28 4
341 38 3
341 42 4
341 44 4
341 47 4
341 50 4
341 52 4
341 53 3
341 55 4
341 56 4
341 57 4
341 58 4
341 62 3
341 63 3
341 65 4
341 66 4
341 67 3
341 68 3
341 69 4
341 76 4
341 77 3
341 79 4
341 81 4
341 82 3
341 83 4
341 86 4
341 87 4
341 88 4
341 89 4
341 90 3
341 97 4
341 98 4
341 100 4
341 117 4
341 118 3
341 121 4
341 124 4
341 127 4
341 130 3
341 132 4
341 134 4
341 135 4
341 137 4
341 143 4
341 144 4
341 147 4
341 153 4
341 154 4
341 155 3
341 156 4
341 159 3
341 163 3
341 164 4
341 168 4
341 169 4
341 174 4
341 176 4
341 177 4
341 179 4
341 186 4
341 187 4
341 188 4
341 189 4
341 191 4
341 193 4
341 194 4
341 196 4
341 197 4
341 199 4
341 200 4
341 208 4
341 211 4
341 214 3
341 223 4
341 228 4
341 229 3
341 231 3
341 234 4
341 235 3
341 236 4
341 237 4
341 238 4
341 241 3
341 250 4
341 257 4
341 265 4
341 269 4
341 275 4
341 276 4
341 277 3
341 288 4
341 297 4
341 302 4
341 303 4
341 306 4
341 318 4
341 324 3
341 333 4
341 334 4
341 357 4
341 358 3
341 367 3
341 371 3
341 375 4
341 382 4
341 385 4
341 405 3
341 408 4
341 410 3
341 423 4
341 427 4
341 429 4
341 435 4
341 449 3
341 458 3
341 461 4
341 462 4
341 463 4
341 471 4
341 473 3
341 474 4
341 476 3
341 483 4
341 498 4
341 499 4
341 510 4
341 515 4
341 521 4
341 523 4
341 527 4
341 530 4
341 536 4
341 546 3
341 555 4
341 559 3
341 561 3
341 568 4
341 569 3
341 581 4
341 582 4
341 606 4
341 614 4
341 631 4
341 642 4
341 654 4
341 655 4
341 657 4
341 660 3
341 684 4
341 702 3
341 703 4
341 708 4
341 712 4
341 724 4
341 727 4
341 729 3
341 739 3
341 744 4
341 747 4
341 778 3
341 786 3
341 792 4
341 919 4
341 921 4
341 930 3
341 931 3
341 943 3
341 950 2
341 951 3
341 961 3
341 980 3
342 1 4
342 4 4
342 5 3
342 7 4
342 8 4
342 9 4
342 11 4
342 13 4
342 14 4
342 22 4
342 25 4
342 26 3
342 39 3
342 45 4
342 58 3
342 70 3
342 73 3
342 79 4
342 86 4
342 87 4
342 88 4
342 89 4
342 95 3
342 96 4
342 97 4
342 98 4
342 106 3
342 111 3
342 118 3
342 119 4
342 122 2
342 124 4
342 125 3
342 127 4
342 129 3
342 132 4
342 137 4
342 148 3
342 169 4
342 172 4
342 174 4
342 175 4
342 176 4
342 181 4
342 183 4
342 190 4
342 191 4
342 195 4
342 196 4
342 198 3
342 202 4
342 203 4
342 204 4
342 208 4
342 210 4
342 213 3
342 215 4
342 216 4
342 222 4
342 228 4
342 235 3
342 237 3
342 244 3
342 245 3
342 246 4
342 248 3
342 251 4
342 255 3
342 269 4
342 272 4
342 274 3
342 275 4
342 276 4
342 278 3
342 280 3
342 281 3
342 283 4
342 284 3
342 285 4
342 286 3
342 288 3
342 291 3
342 295 3
342 297 4
342 298 3
342 301 3
342 304 3
342 306 4
342 311 3
342 313 4
342 315 3
342 316 4
342 322 3
342 357 3
342 372 3
342 385 4
342 405 3
342 433 4
342 451 3
342 459 4
342 462 3
342 471 4
342 472 3
342 476 3
342 477 3
342 478 4
342 479 4
342 486 4
342 487 4
342 494 3
342 508 3
342 509 3
342 511 4
342 516 3
342 535 3
342 537 3
342 559 3
342 562 3
342 568 4
342 597 3
342 619 3
342 647 3
342 660 4
342 663 3
342 678 3
342 684 4
342 694 3
342 696 3
342 707 3
342 708 3
342 709 4
342 713 4
342 716 4
342 742 3
342 751 3
342 764 3
342 815 3
342 844 3
342 845 3
342 864 3
342 896 3
342 926 3
342 928 3
342 955 4
343 1 4
343 4 4
343 9 4
343 11 4
343 13 4
343 14 4
343 15 4
343 25 4
343 26 4
343 28 4
343 33 4
343 43 3
343 44 4
343 48 4
343 49 3
343 50 4
343 51 3
343 64 4
343 65 4
343 66 4
343 69 4
343 70 4
343 71 4
343 77 3
343 79 4
343 81 4
343 87 4
343 88 3
343 93 4
343 98 4
343 100 4
343 111 4
343 118 3
343 121 3
343 124 4
343 125 3
343 126 4
343 131 4
343 132 4
343 137 4
343 143 4
343 148 3
343 151 4
343 170 4
343 172 4
343 173 4
343 174 4
343 191 4
343 196 4
343 197 4
343 202 4
343 204 4
343 216 4
343 220 3
343 221 3
343 223 4
343 226 4
343 234 4
343 235 3
343 237 4
343 239 4
343 241 3
343 245 3
343 246 4
343 255 4
343 258 4
343 262 4
343 269 4
343 272 4
343 274 3
343 278 4
343 280 3
343 282 4
343 283 4
343 284 3
343 285 4
343 287 4
343 288 3
343 289 3
343 291 3
343 294 3
343 295 3
343 298 4
343 300 4
343 302 4
343 303 4
343 305 4
343 311 3
343 312 3
343 313 4
343 315 4
343 317 4
343 323 3
343 325 4
343 332 3
343 333 3
343 356 4
343 365 3
343 367 3
343 378 4
343 381 4
343 382 4
343 387 3
343 402 4
343 403 4
343 405 3
343 416 4
343 433 4
343 443 4
343 451 4
343 461 4
343 464 4
343 471 4
343 473 3
343 476 3
343 479 4
343 481 4
343 485 4
343 498 4
343 508 4
343 518 4
343 534 4
343 550 4
343 559 3
343 566 4
343 568 4
343 582 4
343 588 4
343 620 4
343 639 4
343 651 4
343 655 4
343 660 4
343 676 4
343 696 3
343 702 3
343 708 3
343 709 4
343 715 3
343 716 4
343 722 3
343 724 4
343 732 4
343 736 4
343 737 4
343 738 3
343 739 4
343 742 4
343 744 4
343 747 4
343 748 3
343 772 3
343 781 3
343 845 4
343 846 3
343 866 3
343 879 3
343 886 4
343 903 3
343 919 4
343 949 4
343 955 4
343 956 4
343 972 4
343 988 3
344 2 3
344 3 3
344 4 3
344 7 3
344 11 3
344 12 3
344 17 3
344 22 3
344 29 3
344 31 3
344 33 3
344 38 3
344 50 4
344 53 3
344 54 3
344 55 3
344 56 3
344 62 3
344 64 4
344 67 3
344 72 3
344 76 3
344 83 3
344 89 3
344 91 3
344 92 3
344 94 3
344 97 3
344 98 3
344 100 4
344 110 2
344 117 3
344 120 2
344 121 3
344 127 3
344 132 3
344 133 3
344 134 3
344 141 3
344 143 3
344 144 3
344 147 3
344 153 3
344 157 3
344 158 2
344 161 3
344 167 3
344 168 3
344 172 3
344 173 3
344 174 4
344 176 3
344 180 3
344 181 3
344 183 3
344 184 3
344 186 3
344 187 3
344 188 3
344 203 3
344 204 3
344 210 3
344 211 3
344 213 3
344 215 3
344 216 3
344 218 3
344 219 3
344 232 3
344 234 3
344 240 3
344 245 3
344 250 3
344 259 2
344 265 3
344 273 3
344 276 3
344 288 3
344 291 3
344 293 3
344 294 3
344 300 3
344 302 4
344 318 3
344 322 3
344 325 3
344 333 3
344 358 3
344 366 3
344 369 2
344 375 2
344 385 3
344 391 3
344 392 3
344 394 2
344 403 3
344 405 3
344 415 2
344 431 3
344 455 3
344 470 3
344 496 3
344 518 3
344 520 3
344 541 2
344 546 3
344 549 3
344 550 3
344 561 2
344 569 3
344 572 3
344 576 3
344 578 3
344 582 3
344 597 3
344 616 3
344 636 3
344 642 3
344 657 3
344 669 1
344 673 3
344 684 3
344 685 3
344 708 3
344 712 3
344 727 3
344 732 3
344 739 3
344 742 3
344 743 2
344 746 3
344 748 3
344 780 3
344 785 3
344 802 2
344 809 3
344 831 2
344 842 2
344 879 3
344 944 2
344 959 3
344 967 3
344 977 2
345 1 4
345 7 4
345 12 4
345 15 4
345 17 3
345 22 4
345 24 3
345 25 4
345 28 4
345 31 4
345 50 4
345 55 4
345 56 4
345 65 4
345 68 3
345 69 4
345 70 4
345 73 3
345 76 3
345 79 4
345 82 4
345 85 4
345 87 4
345 91 3
345 96 4
345 97 4
345 98 4
345 99 4
345 117 4
345 118 3
345 125 4
345 127 4
345 137 4
345 151 4
345 156 4
345 157 4
345 158 3
345 159 4
345 163 3
345 164 4
345 168 4
345 172 4
345 173 4
345 174 4
345 176 4
345 177 4
345 181 4
345 182 4
345 183 4
345 187 4
345 188 4
345 192 3
345 195 4
345 200 4
345 202 4
345 203 4
345 204 4
345 208 4
345 215 4
345 216 4
345 222 4
345 223 4
345 226 4
345 227 3
345 230 3
345 233 4
345 235 3
345 239 4
345 240 3
345 241 3
345 245 3
345 252 3
345 258 4
345 268 4
345 271 3
345 276 4
345 280 3
345 286 4
345 290 3
345 291 3
345 293 4
345 294 3
345 298 3
345 300 4
345 317 4
345 318 4
345 323 3
345 324 3
345 328 4
345 333 4
345 356 4
345 369 3
345 371 3
345 385 4
345 386 3
345 392 4
345 403 4
345 404 4
345 405 3
345 410 3
345 416 3
345 423 4
345 432 4
345 460 3
345 462 4
345 465 4
345 468 4
345 470 3
345 471 4
345 472 3
345 475 4
345 501 4
345 508 4
345 544 4
345 550 4
345 568 4
345 588 4
345 595 3
345 597 3
345 609 4
345 655 4
345 660 4
345 685 4
345 686 4
345 689 3
345 692 4
345 699 4
345 721 3
345 735 4
345 742 4
345 763 3
345 806 4
345 819 3
345 820 3
345 827 3
345 829 3
345 831 3
345 841 3
345 871 3
345 879 3
345 928 3
345 930 3
345 943 3
345 959 4
345 977 3
345 982 2
346 7 4
346 25 4
346 107 4
346 118 4
346 121 4
346 123 4
346 126 4
346 147 4
346 225 4
346 240 3
346 243 3
346 245 3
346 276 4
346 288 3
346 291 3
346 294 3
346 368 3
346 370 3
346 405 3
346 406 3
346 411 3
346 412 3
346 472 3
346 473 3
346 477 3
346 546 3
346 628 4
346 756 3
346 819 4
346 831 3
346 834 3
346 924 3
346 926 3
346 934 3
346 974 3
346 975 4
346 988 3
347 9 3
347 15 3
347 20 2
347 100 3
347 118 2
347 125 3
347 237 3
347 276 3
347 411 2
347 412 2
347 455 2
347 458 2
347 471 2
347 475 2
347 544 2
347 596 2
347 847 3
348 23 4
348 50 4
348 89 4
348 132 4
348 133 4
348 136 4
348 168 4
348 172 4
348 173 4
348 174 4
348 179 4
348 183 4
348 193 4
348 204 4
348 210 4
348 211 4
348 214 3
348 228 4
348 271 3
348 324 3
348 435 4
348 479 4
348 480 4
348 483 4
348 489 4
348 515 4
348 530 4
348 589 3
348 604 4
348 616 3
348 654 4
348 657 4
349 286 4
349 288 3
349 289 3
349 292 4
349 301 4
349 310 4
349 311 4
349 312 3
349 313 4
349 323 3
349 326 4
349 332 3
349 340 3
349 341 3
349 343 4
349 359 3
349 538 3
349 748 3
349 751 3
349 754 4
349 873 3
349 879 4
349 880 3
349 984 3
349 989 4
349 990 3
350 4 4
350 7 4
350 39 3
350 79 4
350 89 4
350 92 4
350 96 4
350 100 4
350 129 4
350 144 4
350 156 4
350 173 4
350 176 4
350 181 4
350 182 4
350 183 4
350 194 4
350 195 4
350 216 4
350 228 4
350 234 4
350 273 4
350 302 4
350 385 4
350 568 4
350 653 4
350 692 3
350 746 4
351 272 3
351 300 3
351 301 3
351 327 3
351 328 3
351 331 3
351 332 3
351 340 3
351 343 3
351 346 3
351 358 3
351 750 3
351 905 3
352 7 4
352 9 4
352 19 4
352 25 4
352 32 4
352 42 4
352 47 4
352 50 4
352 52 3
352 57 4
352 58 4
352 59 4
352 60 4
352 61 4
352 66 3
352 70 4
352 79 4
352 83 4
352 86 4
352 87 4
352 88 4
352 93 4
352 98 4
352 109 3
352 116 4
352 124 4
352 131 4
352 133 4
352 134 4
352 135 4
352 136 3
352 137 4
352 143 4
352 149 3
352 151 4
352 152 4
352 153 4
352 154 4
352 155 3
352 162 4
352 166 4
352 168 4
352 171 4
352 174 4
352 175 4
352 180 4
352 186 4
352 189 3
352 190 4
352 191 4
352 193 4
352 197 4
352 199 4
352 202 4
352 208 4
352 209 4
352 211 4
352 213 4
352 216 4
352 238 4
352 241 3
352 242 4
352 246 4
352 248 4
352 251 4
352 255 3
352 257 4
352 258 4
352 268 4
352 269 4
352 270 4
352 272 4
352 275 4
352 276 4
352 281 3
352 285 4
352 287 4
352 297 4
352 303 4
352 305 4
352 306 4
352 308 3
352 311 3
352 313 4
352 318 4
352 321 3
352 344 3
352 381 4
352 382 4
352 387 3
352 414 4
352 419 3
352 421 4
352 423 4
352 428 4
352 429 4
352 435 4
352 462 4
352 463 4
352 464 4
352 473 3
352 478 4
352 479 4
352 480 4
352 483 4
352 485 4
352 487 3
352 489 3
352 494 4
352 496 4
352 497 4
352 498 3
352 507 3
352 508 4
352 509 4
352 511 4
352 513 4
352 515 4
352 516 4
352 518 4
352 520 3
352 528 4
352 529 4
352 531 4
352 533 3
352 582 4
352 584 3
352 602 4
352 603 4
352 604 4
352 605 3
352 606 4
352 607 4
352 629 4
352 631 3
352 638 3
352 650 3
352 651 4
352 652 4
352 657 4
352 659 4
352 660 4
352 661 3
352 692 4
352 694 4
352 699 4
352 702 3
352 705 4
352 707 4
352 709 4
352 716 4
352 732 4
352 733 3
352 735 4
352 736 3
352 737 3
352 740 3
352 753 3
352 792 4
352 811 4
352 847 3
352 855 4
352 863 4
352 865 4
352 882 3
352 889 4
352 900 4
352 904 3
352 929 3
352 953 4
352 955 3
352 956 4
352 958 4
352 962 4
353 260 3
353 264 3
353 271 3
353 306 4
353 307 3
353 328 3
353 358 3
353 681 4
353 882 4
354 300 4
354 307 3
354 312 3
354 316 4
354 326 3
354 331 3
354 689 3
354 748 3
354 937 4
355 1 4
355 7 4
355 10 4
355 24 4
355 105 3
355 111 4
355 118 4
355 123 4
355 125 4
355 126 4
355 150 4
355 151 4
355 220 4
355 222 4
355 235 3
355 237 4
355 245 4
355 270 4
355 273 4
355 274 4
355 275 4
355 280 4
355 284 4
355 287 4
355 291 4
355 304 4
355 322 4
355 334 3
355 405 4
355 407 3
355 455 4
355 456 3
355 471 4
355 472 4
355 473 4
355 476 4
355 546 4
355 595 4
355 597 4
355 685 4
355 687 3
355 713 4
355 742 4
355 760 3
355 819 3
355 820 3
355 831 3
355 833 4
355 866 4
355 932 3
355 984 4
356 8 3
356 132 3
356 179 3
356 213 3
356 324 3
356 357 3
356 382 3
356 469 3
356 482 3
356 511 2
356 529 3
356 558 3
356 582 3
356 584 2
356 639 3
356 643 3
356 855 3
356 896 3
356 918 3
357 1 3
357 7 3
357 118 3
357 181 3
357 250 3
357 268 3
357 286 3
357 295 3
357 298 3
357 313 4
357 405 3
357 408 3
357 455 3
357 472 3
357 748 3
358 1 4
358 10 4
358 13 4
358 14 4
358 23 4
358 25 4
358 28 4
358 45 4
358 50 4
358 56 4
358 64 4
358 79 4
358 116 4
358 134 4
358 157 4
358 165 4
358 166 4
358 170 4
358 172 4
358 174 4
358 181 4
358 187 4
358 191 4
358 194 4
358 195 4
358 197 4
358 199 4
358 205 4
358 207 4
358 210 4
358 222 4
358 237 4
358 238 4
358 242 4
358 248 4
358 251 4
358 269 4
358 271 3
358 275 4
358 284 3
358 286 4
358 297 4
358 302 4
358 303 4
358 304 3
358 306 4
358 308 3
358 309 3
358 321 4
358 326 3
358 328 4
358 334 4
358 357 4
358 405 3
358 423 4
358 479 4
358 515 4
358 521 4
358 523 4
358 588 4
358 654 4
358 661 4
358 663 4
358 735 4
358 744 4
358 845 4
358 933 3
358 936 4
358 963 4
359 12 4
359 14 4
359 23 3
359 26 3
359 53 3
359 55 3
359 56 4
359 59 4
359 60 3
359 66 3
359 79 4
359 83 4
359 86 4
359 88 4
359 90 3
359 97 4
359 98 4
359 100 4
359 111 3
359 129 3
359 148 3
359 150 3
359 156 4
359 166 3
359 168 4
359 170 4
359 173 4
359 176 4
359 178 4
359 179 3
359 183 4
359 185 4
359 186 4
359 190 3
359 197 4
359 203 4
359 204 4
359 207 4
359 212 3
359 216 4
359 218 3
359 222 4
359 228 4
359 234 4
359 237 4
359 238 4
359 258 4
359 269 4
359 273 3
359 274 4
359 275 4
359 276 3
359 286 4
359 340 3
359 387 4
359 421 3
359 430 4
359 435 4
359 451 3
359 466 3
359 475 3
359 498 3
359 502 4
359 504 4
359 513 4
359 514 4
359 517 3
359 524 4
359 525 4
359 531 3
359 611 3
359 639 4
359 654 3
359 657 4
359 659 4
359 673 3
359 684 4
359 694 4
359 705 4
359 709 4
359 737 3
359 739 3
359 742 4
359 762 3
359 770 3
359 781 3
359 794 3
359 813 4
359 934 3
359 949 3
360 245 3
360 258 3
360 288 3
360 294 3
360 300 3
360 302 3
360 312 3
360 328 3
360 350 3
361 1 3
361 2 3
361 4 3
361 5 3
361 7 3
361 9 3
361 11 3
361 22 3
361 29 2
361 32 3
361 37 2
361 38 3
361 44 3
361 47 3
361 50 3
361 55 3
361 56 3
361 58 3
361 62 3
361 65 3
361 66 3
361 67 3
361 68 3
361 70 3
361 71 3
361 72 3
361 73 3
361 77 3
361 79 3
361 81 3
361 82 3
361 87 3
361 88 3
361 89 3
361 90 3
361 91 3
361 93 3
361 95 3
361 96 3
361 97 3
361 98 3
361 101 3
361 102 3
361 114 4
361 117 3
361 120 2
361 121 3
361 128 3
361 134 3
361 137 3
361 144 3
361 145 2
361 151 3
361 152 3
361 154 3
361 155 2
361 156 3
361 159 3
361 161 3
361 163 3
361 164 3
361 169 3
361 171 3
361 172 3
361 173 3
361 174 4
361 179 3
361 182 3
361 183 3
361 184 3
361 186 3
361 187 3
361 188 3
361 189 3
361 193 3
361 195 3
361 196 3
361 200 3
361 201 3
361 204 3
361 206 3
361 208 3
361 210 3
361 212 3
361 215 3
361 216 3
361 217 3
361 218 3
361 222 3
361 226 3
361 227 3
361 228 3
361 229 3
361 231 3
361 234 3
361 235 3
361 237 3
361 248 3
361 250 3
361 258 3
361 264 3
361 265 3
361 270 3
361 271 2
361 282 3
361 283 3
361 284 2
361 288 3
361 290 2
361 293 3
361 298 3
361 307 3
361 315 3
361 316 3
361 317 3
361 322 3
361 325 3
361 328 3
361 333 3
361 336 2
361 346 3
361 347 3
361 350 3
361 351 2
361 366 3
361 370 2
361 380 3
361 387 3
361 391 3
361 393 3
361 402 3
361 403 3
361 405 3
361 408 3
361 417 2
361 423 3
361 426 3
361 428 3
361 429 3
361 431 3
361 433 3
361 443 3
361 444 3
361 448 3
361 449 3
361 451 3
361 461 3
361 469 3
361 472 2
361 473 3
361 474 3
361 505 3
361 506 3
361 511 3
361 523 4
361 531 3
361 537 3
361 546 3
361 550 3
361 552 3
361 554 3
361 555 3
361 559 3
361 561 2
361 566 3
361 568 3
361 569 3
361 571 2
361 572 3
361 575 2
361 578 3
361 588 3
361 590 2
361 591 3
361 597 3
361 603 3
361 616 3
361 625 3
361 631 3
361 640 3
361 650 3
361 651 3
361 653 3
361 658 3
361 660 3
361 665 3
361 673 3
361 675 3
361 678 3
361 679 3
361 682 2
361 685 3
361 691 3
361 698 3
361 699 3
361 707 3
361 709 3
361 710 3
361 719 2
361 735 3
361 741 3
361 742 3
361 746 3
361 747 3
361 752 3
361 760 2
361 761 2
361 767 2
361 774 2
361 778 3
361 792 3
361 802 2
361 805 3
361 809 3
361 816 2
361 825 2
361 831 2
361 854 3
361 859 2
361 895 3
361 906 3
361 933 2
361 940 3
361 946 3
361 959 3
361 979 3
362 288 3
362 289 3
362 319 3
362 321 3
362 875 3
362 988 3
363 1 3
363 7 3
363 13 3
363 25 3
363 109 3
363 124 3
363 125 3
363 137 3
363 150 3
363 151 3
363 222 3
363 258 3
363 268 3
363 271 3
363 272 3
363 275 3
363 277 3
363 285 3
363 287 3
363 288 3
363 294 3
363 301 3
363 309 2
363 315 3
363 316 3
363 321 3
363 326 3
363 352 3
363 473 3
363 476 3
363 591 3
363 742 3
363 813 3
363 846 3
363 894 2
363 908 3
363 948 2
363 995 3
364 98 4
364 164 4
364 184 4
364 201 4
364 217 4
364 218 4
364 219 4
364 234 4
364 413 3
364 445 4
364 448 4
364 559 4
364 561 3
364 672 4
364 853 5
364 854 4
364 860 3
365 5 3
365 17 3
365 50 4
365 53 3
365 56 4
365 98 4
365 145 2
365 176 4
365 179 4
365 183 4
365 184 4
365 200 3
365 201 3
365 218 3
365 234 4
365 246 4
365 250 3
365 258 4
365 288 3
365 302 4
365 324 3
365 326 3
365 333 4
365 379 3
365 406 2
365 413 3
365 436 4
365 441 3
365 443 4
365 448 3
365 452 3
365 559 3
365 567 3
365 637 3
365 665 3
365 670 4
365 672 3
365 760 3
365 769 3
365 800 3
365 919 3
366 11 3
366 17 3
366 56 3
366 89 3
366 98 3
366 100 3
366 127 3
366 181 3
366 184 3
366 201 3
366 217 3
366 218 3
366 234 3
366 313 3
366 320 3
366 379 2
366 396 2
366 561 2
366 567 1
366 569 2
366 637 3
366 670 3
366 672 3
366 774 2
367 50 4
367 166 3
367 172 4
367 179 3
367 181 4
367 243 3
367 346 4
367 358 3
367 890 3
367 988 2
368 12 4
368 22 4
368 31 4
368 42 4
368 50 4
368 56 4
368 98 4
368 114 4
368 116 4
368 134 4
368 135 4
368 136 4
368 153 4
368 172 4
368 174 4
368 175 4
368 176 4
368 181 4
368 183 4
368 193 4
368 195 4
368 209 4
368 210 4
368 222 4
368 257 4
368 265 4
368 269 4
368 285 4
368 294 3
368 321 3
368 323 3
368 423 4
368 425 4
368 433 4
368 443 3
368 480 4
368 484 4
368 493 4
368 494 4
368 497 4
368 511 4
368 514 4
368 525 4
368 603 4
368 604 4
368 607 3
368 608 4
368 613 4
368 657 4
368 659 4
368 661 3
368 705 4
368 856 4
368 923 4
369 1 4
369 22 4
369 24 3
369 50 4
369 55 4
369 64 5
369 69 4
369 77 4
369 97 4
369 98 4
369 117 4
369 174 4
369 175 4
369 177 4
369 179 4
369 180 4
369 181 4
369 183 4
369 194 4
369 197 4
369 210 4
369 237 4
369 265 4
369 393 4
369 431 4
369 435 4
369 443 4
369 449 3
369 452 3
369 523 4
369 627 3
369 655 4
369 746 4
370 5 3
370 12 4
370 23 4
370 44 4
370 56 4
370 77 4
370 79 4
370 98 4
370 100 4
370 129 4
370 148 3
370 159 3
370 176 4
370 185 4
370 200 4
370 201 3
370 218 4
370 219 3
370 262 3
370 288 3
370 299 3
370 322 3
370 325 3
370 327 3
370 332 4
370 436 4
370 441 3
370 443 4
370 446 4
370 447 4
370 547 3
370 561 3
370 574 4
370 595 4
370 628 4
370 637 4
370 649 4
370 672 3
370 674 3
370 678 3
370 874 4
370 875 3
371 2 3
371 4 4
371 12 4
371 15 4
371 20 4
371 22 4
371 24 4
371 25 3
371 28 4
371 31 4
371 48 4
371 50 4
371 58 4
371 64 4
371 66 4
371 68 3
371 70 4
371 80 3
371 81 4
371 82 4
371 83 4
371 89 4
371 90 3
371 94 3
371 95 4
371 96 4
371 97 4
371 99 4
371 100 4
371 102 3
371 105 3
371 110 2
371 114 4
371 117 4
371 127 4
371 132 4
371 136 4
371 139 3
371 142 3
371 143 4
371 144 4
371 150 4
371 151 4
371 154 4
371 155 3
371 156 4
371 161 4
371 162 4
371 163 4
371 165 4
371 166 4
371 172 4
371 173 4
371 175 4
371 177 4
371 179 4
371 180 4
371 181 4
371 184 3
371 186 4
371 189 4
371 191 4
371 194 4
371 195 4
371 196 4
371 197 4
371 202 4
371 206 4
371 208 4
371 209 4
371 210 4
371 211 4
371 213 4
371 214 4
371 215 4
371 217 3
371 225 3
371 226 4
371 228 4
371 230 4
371 232 3
371 239 4
371 241 3
371 259 3
371 265 4
371 269 4
371 275 4
371 278 4
371 281 3
371 286 4
371 290 4
371 318 4
371 357 4
371 366 4
371 378 4
371 382 3
371 386 3
371 389 3
371 390 4
371 392 4
371 393 4
371 399 3
371 401 3
371 402 4
371 403 4
371 404 4
371 409 3
371 414 4
371 417 3
371 418 4
371 420 4
371 421 4
371 423 4
371 427 4
371 431 3
371 433 4
371 435 4
371 451 4
371 472 3
371 474 4
371 480 4
371 485 4
371 487 4
371 488 4
371 494 4
371 497 4
371 499 4
371 506 4
371 510 4
371 514 4
371 520 4
371 527 4
371 550 4
371 553 4
371 559 3
371 566 4
371 568 4
371 571 2
371 577 3
371 588 4
371 598 4
371 603 4
371 625 3
371 627 3
371 645 4
371 648 4
371 649 4
371 651 4
371 655 4
371 658 3
371 660 4
371 679 3
371 694 4
371 699 4
371 704 3
371 705 4
371 707 4
371 709 4
371 715 3
371 724 4
371 727 3
371 729 4
371 732 4
371 746 4
371 747 4
371 748 3
371 756 3
371 778 3
371 828 2
371 842 3
371 843 4
371 849 3
371 941 3
371 946 3
371 949 4
372 1 3
372 5 2
372 7 3
372 9 3
372 11 3
372 12 3
372 15 3
372 17 2
372 23 3
372 24 3
372 28 3
372 29 2
372 39 2
372 48 3
372 50 3
372 56 3
372 64 4
372 66 3
372 68 2
372 69 3
372 70 2
372 71 3
372 77 2
372 87 3
372 89 3
372 95 3
372 97 3
372 98 3
372 100 3
372 106 2
372 111 3
372 116 3
372 118 2
372 120 1
372 121 2
372 122 2
372 123 2
372 125 3
372 126 2
372 127 3
372 129 2
372 135 3
372 143 3
372 144 3
372 147 2
372 148 2
372 150 3
372 151 3
372 156 3
372 159 3
372 161 2
372 162 2
372 168 3
372 173 3
372 174 3
372 176 3
372 182 3
372 183 3
372 185 3
372 186 3
372 192 3
372 195 3
372 197 3
372 200 3
372 202 3
372 204 3
372 210 3
372 216 3
372 218 2
372 222 3
372 223 3
372 225 2
372 226 3
372 228 3
372 229 2
372 230 3
372 231 2
372 233 3
372 234 3
372 235 1
372 237 3
372 240 2
372 247 3
372 248 3
372 252 2
372 254 2
372 257 2
372 265 3
372 279 2
372 280 2
372 282 3
372 284 2
372 289 2
372 291 2
372 292 2
372 310 2
372 318 3
372 322 2
372 323 2
372 356 3
372 363 2
372 369 2
372 385 3
372 403 3
372 405 2
372 412 2
372 423 3
372 424 2
372 427 3
372 449 2
372 450 1
372 454 2
372 458 2
372 463 2
372 465 3
372 466 2
372 467 3
372 468 3
372 475 2
372 476 2
372 483 3
372 521 2
372 527 3
372 540 2
372 544 2
372 550 2
372 552 3
372 554 2
372 558 3
372 566 3
372 568 3
372 572 2
372 576 2
372 581 3
372 591 3
372 619 2
372 620 3
372 628 2
372 637 3
372 642 3
372 651 3
372 665 2
372 685 3
372 692 3
372 717 2
372 735 3
372 741 2
372 742 3
372 743 2
372 756 2
372 761 2
372 762 2
372 770 2
372 789 2
372 815 2
372 819 2
372 820 1
372 824 1
372 844 2
372 845 2
372 846 2
372 872 1
372 880 2
372 924 2
372 928 2
372 930 2
372 931 1
372 932 2
372 934 2
372 952 3
372 963 3
372 974 2
372 975 2
372 977 2
372 978 1
372 979 3
372 983 2
372 986 1
373 5 3
373 44 4
373 176 4
373 233 4
373 288 3
373 302 4
373 356 4
373 443 4
373 573 3
373 583 3
373 603 4
373 761 3
373 773 3
373 939 4
374 11 3
374 98 4
374 154 4
374 181 4
374 197 4
374 198 3
374 223 4
374 269 3
374 274 3
374 275 4
374 288 3
374 301 3
374 328 3
374 427 4
374 603 4
374 663 4
374 707 3
375 56 4
375 98 4
375 154 4
375 164 4
375 168 4
375 173 4
375 219 3
375 234 4
375 268 4
375 272 4
375 313 4
375 316 3
375 323 3
375 338 4
375 354 3
375 358 4
375 443 4
375 682 3
375 748 3
376 1 3
376 2 3
376 4 3
376 5 3
376 7 3
376 8 3
376 9 3
376 10 3
376 11 3
376 12 3
376 13 3
376 14 3
376 15 3
376 21 2
376 22 3
376 28 3
376 29 3
376 31 3
376 40 3
376 42 3
376 43 2
376 48 3
376 49 3
376 50 4
376 52 3
376 54 3
376 58 3
376 59 3
376 62 3
376 63 3
376 65 3
376 66 3
376 68 3
376 70 3
376 73 3
376 77 3
376 79 3
376 86 3
376 87 3
376 88 3
376 89 3
376 91 3
376 94 3
376 95 3
376 99 4
376 100 3
376 106 3
376 110 2
376 111 3
376 117 3
376 121 3
376 123 3
376 125 3
376 126 3
376 132 4
376 135 4
376 141 3
376 143 3
376 144 3
376 148 3
376 151 3
376 153 4
376 155 3
376 157 3
376 159 3
376 161 3
376 162 3
376 167 3
376 172 3
376 173 3
376 174 4
376 175 4
376 176 3
376 179 3
376 180 3
376 181 3
376 182 3
376 186 3
376 191 4
376 194 4
376 195 3
376 196 3
376 197 4
376 200 3
376 202 3
376 207 3
376 210 3
376 213 3
376 215 4
376 217 3
376 218 3
376 222 3
376 223 4
376 226 3
376 227 3
376 230 3
376 231 3
376 233 3
376 234 4
376 235 3
376 237 3
376 239 3
376 241 3
376 245 3
376 248 3
376 252 3
376 254 1
376 255 3
376 257 3
376 258 3
376 269 3
376 272 3
376 273 3
376 274 3
376 275 3
376 276 3
376 277 3
376 280 3
376 281 3
376 282 3
376 283 3
376 284 3
376 285 3
376 286 3
376 288 3
376 289 3
376 294 3
376 295 3
376 298 3
376 300 3
376 301 3
376 302 3
376 317 3
376 318 4
376 319 3
376 321 3
376 326 3
376 328 3
376 356 3
376 365 3
376 380 3
376 381 3
376 382 3
376 385 3
376 386 3
376 387 3
376 392 3
376 393 3
376 396 3
376 401 2
376 403 3
376 404 3
376 405 3
376 409 2
376 410 3
376 411 3
376 417 3
376 418 3
376 419 3
376 420 3
376 423 3
376 432 3
376 433 3
376 435 3
376 447 3
376 449 3
376 451 3
376 458 2
376 465 3
376 468 3
376 469 3
376 471 3
376 476 2
376 479 3
376 482 3
376 485 3
376 496 4
376 500 3
376 501 3
376 508 3
376 509 3
376 517 3
376 527 4
376 528 3
376 542 3
376 546 3
376 549 3
376 554 2
376 559 3
376 566 3
376 568 3
376 572 3
376 575 2
376 576 3
376 582 3
376 591 3
376 596 3
376 597 3
376 606 3
376 619 3
376 620 3
376 623 2
376 629 3
376 631 3
376 632 3
376 635 2
376 636 3
376 651 3
376 655 3
376 663 3
376 665 3
376 674 3
376 684 3
376 686 3
376 692 3
376 693 3
376 694 3
376 696 3
376 699 3
376 702 2
376 703 3
376 707 3
376 708 3
376 709 3
376 715 3
376 716 3
376 720 3
376 722 3
376 723 3
376 724 3
376 729 3
376 731 3
376 732 3
376 734 3
376 739 3
376 742 3
376 747 3
376 755 3
376 756 3
376 762 3
376 768 3
376 775 3
376 778 3
376 780 3
376 787 2
376 792 3
376 793 3
376 796 3
376 806 3
376 807 1
376 845 3
376 866 3
376 875 2
376 896 2
376 918 2
376 921 3
376 924 3
376 926 2
376 928 3
376 930 2
376 939 3
376 942 3
376 951 3
376 959 3
376 961 3
376 969 3
376 972 3
376 977 2
376 979 3
377 4 4
377 8 4
377 9 4
377 23 4
377 50 4
377 52 4
377 54 3
377 56 4
377 62 3
377 63 3
377 64 4
377 69 4
377 79 4
377 82 4
377 83 4
377 88 4
377 89 4
377 90 3
377 93 3
377 96 4
377 98 4
377 100 4
377 116 4
377 124 4
377 127 4
377 131 4
377 133 4
377 135 4
377 137 4
377 141 4
377 152 4
377 153 4
377 157 4
377 158 3
377 161 4
377 163 4
377 168 4
377 172 4
377 173 4
377 174 4
377 176 4
377 177 4
377 178 4
377 179 4
377 183 4
377 186 4
377 187 4
377 188 4
377 191 4
377 192 4
377 193 4
377 194 4
377 195 4
377 196 4
377 199 4
377 200 4
377 202 4
377 203 4
377 204 4
377 205 4
377 208 4
377 210 4
377 211 4
377 216 4
377 219 3
377 227 4
377 230 4
377 233 4
377 238 4
377 239 4
377 251 4
377 257 4
377 270 4
377 284 3
377 285 4
377 294 3
377 300 4
377 306 4
377 310 4
377 331 3
377 339 3
377 357 4
377 372 4
377 381 4
377 383 3
377 385 4
377 391 3
377 393 4
377 395 3
377 398 3
377 402 4
377 405 3
377 414 4
377 417 3
377 419 4
377 427 4
377 428 4
377 434 4
377 436 4
377 443 4
377 447 4
377 448 3
377 451 4
377 452 3
377 461 4
377 480 4
377 502 4
377 511 4
377 514 4
377 516 4
377 517 4
377 520 4
377 522 4
377 523 4
377 527 4
377 528 4
377 529 4
377 530 4
377 554 3
377 559 3
377 563 3
377 566 4
377 568 4
377 575 3
377 576 3
377 603 4
377 616 4
377 622 4
377 631 3
377 636 3
377 637 3
377 644 4
377 649 4
377 651 4
377 654 4
377 655 4
377 659 4
377 674 3
377 684 4
377 686 4
377 701 4
377 704 3
377 705 4
377 710 3
377 712 3
377 729 4
377 732 4
377 735 4
377 746 4
377 842 3
377 855 4
378 1 3
378 9 4
378 12 3
378 22 3
378 28 3
378 31 3
378 38 3
378 58 3
378 59 3
378 60 3
378 61 3
378 62 2
378 69 3
378 71 3
378 81 3
378 95 3
378 98 3
378 100 4
378 109 3
378 114 4
378 118 2
378 121 3
378 132 4
378 134 3
378 135 3
378 139 3
378 152 3
378 154 3
378 161 3
378 163 3
378 168 3
378 170 3
378 172 3
378 176 3
378 177 3
378 181 4
378 182 3
378 183 4
378 185 3
378 186 3
378 190 2
378 194 3
378 197 3
378 204 3
378 208 2
378 213 3
378 215 3
378 217 3
378 222 3
378 228 3
378 229 3
378 238 3
378 241 3
378 258 3
378 265 3
378 270 2
378 286 3
378 300 3
378 313 3
378 315 2
378 340 3
378 356 3
378 357 4
378 382 3
378 414 3
378 416 3
378 419 2
378 423 3
378 425 3
378 427 3
378 428 3
378 433 3
378 435 3
378 443 3
378 449 3
378 462 3
378 463 3
378 465 3
378 474 3
378 479 2
378 483 3
378 496 3
378 502 3
378 506 3
378 512 3
378 515 3
378 518 2
378 521 3
378 527 3
378 530 2
378 554 2
378 561 2
378 566 3
378 573 3
378 587 3
378 614 3
378 630 3
378 631 3
378 651 3
378 654 3
378 663 3
378 664 3
378 665 3
378 670 3
378 684 3
378 699 3
378 708 3
378 709 3
378 712 3
378 729 3
378 732 3
378 736 3
378 744 3
378 750 3
378 751 3
378 753 3
378 770 2
378 856 3
378 923 3
378 956 3
378 959 3
379 1 4
379 13 4
379 14 3
379 15 3
379 16 3
379 20 3
379 30 3
379 49 3
379 50 4
379 59 4
379 77 3
379 83 3
379 89 4
379 94 3
379 97 3
379 99 3
379 100 4
379 102 3
379 129 3
379 132 4
379 133 3
379 134 4
379 135 4
379 139 3
379 150 3
379 151 3
379 175 4
379 178 4
379 191 4
379 212 3
379 214 3
379 216 4
379 217 3
379 228 4
379 259 2
379 276 3
379 281 3
379 283 3
379 294 3
379 303 3
379 304 3
379 318 4
379 344 3
379 378 3
379 403 3
379 418 3
379 432 3
379 443 3
379 462 3
379 473 3
379 479 4
379 485 3
379 487 3
379 493 4
379 495 3
379 498 3
379 501 3
379 509 3
379 512 3
379 514 4
379 526 3
379 529 3
379 566 3
379 582 3
379 607 3
379 631 3
379 634 3
379 640 3
379 647 4
379 652 4
379 656 4
379 657 3
379 660 3
379 673 3
379 682 2
379 693 4
379 694 4
379 705 4
379 724 3
379 742 3
379 771 2
379 778 3
379 847 3
379 887 3
379 898 2
379 914 2
379 934 3
379 995 3
380 7 3
380 9 3
380 25 3
380 56 3
380 100 3
380 122 2
380 127 3
380 134 3
380 135 3
380 137 3
380 171 2
380 180 3
380 183 3
380 197 3
380 258 3
380 276 3
380 290 3
380 332 3
380 334 3
380 357 3
380 474 3
380 475 3
380 482 3
380 504 3
380 507 3
380 511 3
380 546 3
380 717 2
381 9 4
381 14 4
381 19 4
381 58 4
381 81 4
381 86 4
381 89 4
381 100 4
381 132 4
381 134 4
381 137 4
381 182 4
381 193 4
381 197 4
381 203 4
381 205 4
381 223 4
381 237 4
381 238 4
381 268 4
381 272 4
381 285 4
381 302 4
381 313 4
381 315 4
381 319 4
381 357 4
381 425 4
381 427 4
381 435 4
381 464 4
381 474 4
381 475 4
381 478 4
381 479 4
381 480 4
381 483 4
381 484 4
381 504 4
381 505 4
381 513 4
381 639 4
381 641 4
381 654 4
381 657 4
381 663 4
382 289 3
382 302 4
382 313 4
382 316 4
382 327 3
382 329 3
382 333 4
382 343 3
382 748 3
383 4 3
383 8 3
383 12 3
383 18 2
383 24 2
383 29 2
383 32 3
383 37 1
383 46 3
383 47 2
383 48 3
383 50 3
383 53 2
383 56 3
383 58 3
383 59 3
383 61 3
383 79 3
383 81 3
383 82 3
383 87 3
383 89 3
383 93 2
383 98 3
383 99 3
383 111 2
383 114 3
383 122 2
383 127 3
383 128 2
383 129 3
383 131 2
383 133 3
383 134 3
383 136 3
383 143 3
383 144 3
383 145 2
383 151 2
383 152 2
383 153 3
383 156 3
383 160 3
383 168 3
383 169 3
383 171 2
383 172 3
383 173 3
383 174 3
383 175 3
383 177 3
383 180 3
383 181 3
383 183 3
383 185 3
383 186 3
383 187 3
383 189 2
383 191 3
383 192 3
383 194 3
383 195 3
383 199 3
383 200 2
383 207 3
383 208 3
383 209 3
383 211 3
383 216 3
383 217 2
383 218 3
383 219 2
383 221 3
383 224 3
383 235 2
383 236 2
383 238 3
383 249 2
383 250 2
383 253 4
383 254 2
383 256 2
383 257 2
383 262 2
383 273 3
383 276 3
383 283 3
383 285 3
383 286 3
383 290 2
383 293 3
383 304 2
383 305 3
383 318 3
383 320 2
383 325 2
383 337 2
383 340 2
383 346 2
383 347 2
383 367 2
383 383 2
383 384 2
383 385 3
383 403 3
383 405 2
383 408 3
383 417 2
383 419 2
383 423 3
383 425 2
383 427 3
383 428 2
383 429 3
383 430 3
383 433 3
383 435 3
383 443 3
383 444 3
383 447 3
383 451 3
383 455 2
383 458 2
383 461 3
383 462 3
383 473 2
383 474 3
383 479 3
383 480 3
383 483 3
383 484 3
383 485 3
383 486 2
383 487 3
383 489 3
383 492 3
383 496 3
383 502 3
383 503 2
383 506 3
383 508 3
383 511 3
383 512 3
383 521 2
383 523 3
383 524 3
383 525 2
383 529 3
383 557 2
383 603 3
383 604 3
383 606 3
383 616 2
383 629 3
383 631 2
383 650 3
383 652 2
383 653 3
383 654 3
383 657 3
383 658 2
383 659 3
383 661 3
383 664 2
383 673 2
383 674 2
383 675 3
383 705 3
383 719 2
383 727 3
383 732 2
383 739 2
383 745 4
383 794 2
383 811 3
383 851 4
383 855 3
383 865 4
383 871 2
383 896 2
383 900 3
383 919 2
383 922 3
383 940 2
383 942 3
383 945 3
383 959 2
383 961 2
383 965 3
384 24 3
384 273 4
384 281 3
384 323 3
384 405 4
384 455 3
384 515 4
384 546 3
384 597 3
384 825 3
385 2 3
385 4 3
385 7 4
385 8 4
385 10 4
385 11 4
385 13 3
385 20 3
385 22 4
385 23 4
385 24 3
385 27 3
385 31 4
385 32 4
385 33 3
385 39 3
385 46 4
385 47 3
385 48 4
385 50 4
385 52 4
385 55 4
385 56 4
385 58 3
385 61 4
385 62 3
385 64 4
385 68 3
385 69 3
385 71 4
385 76 3
385 79 4
385 81 4
385 82 3
385 83 3
385 89 4
385 91 3
385 92 3
385 93 4
385 96 4
385 97 4
385 98 4
385 99 4
385 101 3
385 102 3
385 107 3
385 113 4
385 114 4
385 116 4
385 117 4
385 121 3
385 123 3
385 127 4
385 129 3
385 133 3
385 135 4
385 136 4
385 144 4
385 147 3
385 151 4
385 156 4
385 161 3
385 168 4
385 169 4
385 176 4
385 180 4
385 181 4
385 183 4
385 184 3
385 186 4
385 187 4
385 189 4
385 190 4
385 192 4
385 193 4
385 194 4
385 195 4
385 196 4
385 197 4
385 198 4
385 199 4
385 200 3
385 201 3
385 202 4
385 203 4
385 205 3
385 206 3
385 208 4
385 209 4
385 211 4
385 215 4
385 217 3
385 218 3
385 219 3
385 222 4
385 223 4
385 224 4
385 226 3
385 227 3
385 228 4
385 229 3
385 230 3
385 231 3
385 238 4
385 246 4
385 248 3
385 250 3
385 258 4
385 265 4
385 268 4
385 273 4
385 277 3
385 288 3
385 289 3
385 293 4
385 294 3
385 295 2
385 298 3
385 317 4
385 318 4
385 319 3
385 320 4
385 321 3
385 325 3
385 333 3
385 357 4
385 380 3
385 381 3
385 385 4
385 393 4
385 403 4
385 410 3
385 414 4
385 418 3
385 423 4
385 428 4
385 429 4
385 430 4
385 431 3
385 432 4
385 434 3
385 435 4
385 436 4
385 441 2
385 444 3
385 446 4
385 447 4
385 448 3
385 455 3
385 458 3
385 461 4
385 463 4
385 470 3
385 473 3
385 474 4
385 475 3
385 477 2
385 488 4
385 496 4
385 501 3
385 508 4
385 511 4
385 514 4
385 520 4
385 526 3
385 528 4
385 532 4
385 547 4
385 549 3
385 558 3
385 559 3
385 561 3
385 564 2
385 566 4
385 569 3
385 578 3
385 580 3
385 582 3
385 583 3
385 593 4
385 603 4
385 619 3
385 625 3
385 642 3
385 650 4
385 651 4
385 659 3
385 672 3
385 674 3
385 678 3
385 679 3
385 684 4
385 692 3
385 693 4
385 697 4
385 732 4
385 735 3
385 737 3
385 742 4
385 744 3
385 746 4
385 768 3
385 769 2
385 772 3
385 773 3
385 774 3
385 789 4
385 790 3
385 806 4
385 844 3
385 845 4
385 854 1
385 919 4
385 943 3
385 952 3
385 969 3
385 972 3
385 984 3
386 1 4
386 5 3
386 56 4
386 100 4
386 111 4
386 147 4
386 184 3
386 237 4
386 259 3
386 300 4
386 301 3
386 302 4
386 307 3
386 310 4
386 313 4
386 315 4
386 323 3
386 326 4
386 333 4
386 508 4
386 569 3
386 596 4
386 628 4
386 678 3
386 680 4
386 682 3
386 690 3
386 742 4
386 769 3
386 816 3
386 845 4
386 871 3
387 4 4
387 8 4
387 23 3
387 25 3
387 28 4
387 29 2
387 38 3
387 40 2
387 42 3
387 47 3
387 50 4
387 53 3
387 56 4
387 59 3
387 64 4
387 65 3
387 71 4
387 72 3
387 77 4
387 79 4
387 80 3
387 81 4
387 82 4
387 88 3
387 90 2
387 94 3
387 95 4
387 98 4
387 99 4
387 100 4
387 105 2
387 109 3
387 111 3
387 118 3
387 124 4
387 127 4
387 131 3
387 132 4
387 136 3
387 142 3
387 151 3
387 152 4
387 153 4
387 154 3
387 159 3
387 160 3
387 167 3
387 168 4
387 172 4
387 173 4
387 174 4
387 176 4
387 178 4
387 179 3
387 181 4
387 185 4
387 186 4
387 191 4
387 194 4
387 197 4
387 202 4
387 204 4
387 205 3
387 208 4
387 210 4
387 211 4
387 216 4
387 217 3
387 234 4
387 238 4
387 249 2
387 275 4
387 283 4
387 285 4
387 300 4
387 301 3
387 378 3
387 383 2
387 384 3
387 393 4
387 395 3
387 396 3
387 401 2
387 402 4
387 404 4
387 407 3
387 410 3
387 411 3
387 414 3
387 416 3
387 420 4
387 423 4
387 427 4
387 428 3
387 429 4
387 435 4
387 451 3
387 454 3
387 467 4
387 471 4
387 474 4
387 475 4
387 477 3
387 478 4
387 479 4
387 480 4
387 481 4
387 483 4
387 484 4
387 490 3
387 491 4
387 492 4
387 493 4
387 496 4
387 497 4
387 498 4
387 499 3
387 501 3
387 503 4
387 504 4
387 506 4
387 507 4
387 509 3
387 510 4
387 514 4
387 517 3
387 518 4
387 519 4
387 520 4
387 525 4
387 526 4
387 527 4
387 531 4
387 550 4
387 558 3
387 568 4
387 583 3
387 584 3
387 588 4
387 591 4
387 602 3
387 604 3
387 605 3
387 607 2
387 610 3
387 612 4
387 613 4
387 616 4
387 630 3
387 631 3
387 642 3
387 649 4
387 656 4
387 657 4
387 661 4
387 662 4
387 674 3
387 693 3
387 699 3
387 700 2
387 705 4
387 712 3
387 715 2
387 731 3
387 732 3
387 736 3
387 739 3
387 756 3
387 785 3
387 792 3
387 820 2
387 824 3
387 835 3
387 836 2
387 845 4
387 847 3
387 923 3
387 926 2
387 942 3
387 945 3
387 954 3
387 955 3
387 965 3
387 997 2
388 9 4
388 100 4
388 126 4
388 283 4
388 289 3
388 302 4
388 319 3
388 328 4
388 329 4
388 331 3
388 515 4
388 713 4
388 742 4
388 845 4
388 989 4
388 990 3
389 8 4
389 9 4
389 12 4
389 15 4
389 26 4
389 47 4
389 48 4
389 56 4
389 58 4
389 59 4
389 60 4
389 61 4
389 64 4
389 69 4
389 71 4
389 76 4
389 89 4
389 97 4
389 100 4
389 132 4
389 134 4
389 148 3
389 168 4
389 173 4
389 182 4
389 188 4
389 191 4
389 195 4
389 197 4
389 200 4
389 203 4
389 204 4
389 205 3
389 213 4
389 215 4
389 222 4
389 234 4
389 237 4
389 258 4
389 264 4
389 276 4
389 282 4
389 286 4
389 288 3
389 294 3
389 300 4
389 318 4
389 328 4
389 334 3
389 357 4
389 421 4
389 458 3
389 460 3
389 462 4
389 471 4
389 474 4
389 479 4
389 480 4
389 482 4
389 483 4
389 490 4
389 491 4
389 497 4
389 498 4
389 504 4
389 508 4
389 510 4
389 527 4
389 530 4
389 544 4
389 546 3
389 603 4
389 604 4
389 628 4
389 659 4
389 661 4
389 678 3
389 748 3
389 772 3
389 774 3
389 924 3
389 963 4
390 8 4
390 23 4
390 50 4
390 58 3
390 59 4
390 98 4
390 99 3
390 129 4
390 134 4
390 165 4
390 166 4
390 169 4
390 170 4
390 172 4
390 173 4
390 178 4
390 179 4
390 180 4
390 181 4
390 189 4
390 191 4
390 197 4
390 199 4
390 200 3
390 209 4
390 244 3
390 246 4
390 248 3
390 249 3
390 250 3
390 255 3
390 257 4
390 258 4
390 268 4
390 270 3
390 271 3
390 272 4
390 276 4
390 286 4
390 288 3
390 289 3
390 293 4
390 294 3
390 297 4
390 298 3
390 300 3
390 302 4
390 303 4
390 304 3
390 312 3
390 313 4
390 319 3
390 323 3
390 324 3
390 325 3
390 333 4
390 344 3
390 345 3
390 463 3
390 482 3
390 488 4
390 491 4
390 492 3
390 493 4
390 511 4
390 515 4
390 534 4
390 538 3
390 615 3
390 632 4
390 650 3
390 663 3
390 705 3
390 813 4
390 847 4
390 872 3
390 873 2
390 880 3
391 2 3
391 3 3
391 4 3
391 5 3
391 7 4
391 11 4
391 12 4
391 15 4
391 17 3
391 21 2
391 22 4
391 24 3
391 25 4
391 26 4
391 27 3
391 28 4
391 29 3
391 31 4
391 36 3
391 38 3
391 40 3
391 41 2
391 42 3
391 48 3
391 49 3
391 50 4
391 51 3
391 54 3
391 55 4
391 56 4
391 58 4
391 62 3
391 64 4
391 65 3
391 67 3
391 68 3
391 69 3
391 70 4
391 71 4
391 72 3
391 78 3
391 79 4
391 81 4
391 83 4
391 85 3
391 86 4
391 87 4
391 88 4
391 89 4
391 90 3
391 94 3
391 95 4
391 99 4
391 100 4
391 105 3
391 108 3
391 109 3
391 110 3
391 111 3
391 117 4
391 118 3
391 122 2
391 123 3
391 126 4
391 128 2
391 132 4
391 135 4
391 136 4
391 138 1
391 139 3
391 142 3
391 144 4
391 147 4
391 148 3
391 153 4
391 154 4
391 161 3
391 168 4
391 169 4
391 172 4
391 173 4
391 181 4
391 184 3
391 186 3
391 189 4
391 191 4
391 194 4
391 196 4
391 202 4
391 203 4
391 204 4
391 206 3
391 215 4
391 222 4
391 227 3
391 228 4
391 233 4
391 239 4
391 240 3
391 241 3
391 243 3
391 245 3
391 252 3
391 255 3
391 257 4
391 258 4
391 265 4
391 270 4
391 271 3
391 273 4
391 274 4
391 275 4
391 278 3
391 280 3
391 281 3
391 283 4
391 290 3
391 291 3
391 294 3
391 298 4
391 303 3
391 313 4
391 316 4
391 317 3
391 318 4
391 321 3
391 323 3
391 328 3
391 333 4
391 338 3
391 342 3
391 344 4
391 347 3
391 349 2
391 354 3
391 355 3
391 356 3
391 357 3
391 362 3
391 363 3
391 364 2
391 365 3
391 366 3
391 369 3
391 373 4
391 374 3
391 376 3
391 377 1
391 378 4
391 380 4
391 385 4
391 386 3
391 391 3
391 393 4
391 394 2
391 396 3
391 402 4
391 403 4
391 404 3
391 409 3
391 410 3
391 412 3
391 415 3
391 417 3
391 418 4
391 419 3
391 420 3
391 421 3
391 431 3
391 443 4
391 456 3
391 459 3
391 463 3
391 465 3
391 470 3
391 471 4
391 472 3
391 473 3
391 476 3
391 477 3
391 480 4
391 494 3
391 496 4
391 497 3
391 501 3
391 527 4
391 538 3
391 539 3
391 540 3
391 544 3
391 546 3
391 550 3
391 552 3
391 553 3
391 554 3
391 559 3
391 561 2
391 566 3
391 568 4
391 569 3
391 571 2
391 576 3
391 578 3
391 588 4
391 591 4
391 596 3
391 597 3
391 620 3
391 622 3
391 623 3
391 628 4
391 630 3
391 633 4
391 636 3
391 644 4
391 651 4
391 655 4
391 659 4
391 672 3
391 681 3
391 683 3
391 685 3
391 686 4
391 687 3
391 690 3
391 692 4
391 696 3
391 705 4
391 710 3
391 715 3
391 717 3
391 721 2
391 722 3
391 725 3
391 728 3
391 731 3
391 737 3
391 739 3
391 742 4
391 747 4
391 751 3
391 755 3
391 756 3
391 763 3
391 771 2
391 775 3
391 778 3
391 779 2
391 780 3
391 781 4
391 783 3
391 789 4
391 792 3
391 794 3
391 797 3
391 802 3
391 805 4
391 808 3
391 810 3
391 812 2
391 815 3
391 821 3
391 824 3
391 825 3
391 826 3
391 831 2
391 836 3
391 840 3
391 841 3
391 842 3
391 843 3
391 845 4
391 870 3
391 871 3
391 876 3
391 879 3
391 890 2
391 905 3
391 922 3
391 924 3
391 926 3
391 929 3
391 930 3
391 932 3
391 939 3
391 940 2
391 944 3
391 949 3
391 951 3
391 953 3
391 964 3
391 977 3
391 996 3
391 997 2
391 999 4
391 1000 3
392 1 4
392 4 3
392 7 4
392 22 4
392 28 4
392 31 3
392 38 3
392 42 4
392 50 4
392 56 4
392 67 3
392 68 3
392 72 3
392 73 3
392 79 4
392 84 4
392 88 4
392 96 4
392 97 4
392 98 4
392 101 3
392 109 3
392 117 4
392 121 3
392 128 3
392 132 4
392 144 4
392 154 3
392 156 4
392 158 3
392 161 3
392 164 4
392 172 4
392 174 4
392 179 3
392 181 4
392 184 3
392 186 4
392 195 4
392 208 4
392 210 4
392 216 4
392 217 3
392 218 3
392 226 3
392 227 3
392 228 4
392 229 3
392 230 3
392 232 3
392 233 3
392 238 4
392 250 4
392 257 4
392 265 3
392 288 3
392 313 4
392 364 2
392 383 2
392 385 4
392 386 3
392 402 4
392 411 3
392 416 3
392 423 4
392 433 4
392 449 3
392 450 2
392 455 3
392 496 4
392 508 3
392 541 3
392 550 3
392 552 4
392 559 3
392 561 3
392 568 4
392 576 3
392 597 3
392 655 4
392 658 4
392 665 3
392 679 3
392 739 3
392 746 3
392 763 3
392 771 3
392 773 3
392 780 3
392 797 3
392 802 3
393 1 4
393 15 4
393 50 4
393 64 5
393 89 4
393 97 4
393 98 4
393 100 4
393 121 4
393 151 4
393 154 4
393 174 4
393 186 4
393 216 4
393 231 3
393 237 4
393 240 3
393 252 3
393 255 4
393 257 4
393 313 4
393 315 4
393 328 4
393 342 3
393 378 4
393 423 4
393 458 4
393 472 3
393 596 4
393 739 4
393 892 3
393 924 4
394 1 3
394 9 3
394 25 3
394 100 3
394 106 3
394 117 3
394 121 3
394 125 3
394 148 3
394 237 3
394 245 3
394 260 2
394 274 3
394 282 3
394 288 3
394 300 3
394 322 3
394 333 3
394 471 3
394 591 3
394 597 3
394 678 3
394 717 3
394 742 3
394 751 3
394 829 3
394 840 2
394 841 2
394 871 3
394 977 2
394 986 2
395 7 4
395 22 4
395 23 4
395 50 4
395 56 4
395 95 4
395 100 4
395 108 3
395 117 4
395 127 4
395 134 4
395 135 4
395 171 4
395 172 4
395 174 4
395 177 4
395 178 4
395 183 4
395 192 3
395 194 4
395 195 4
395 197 4
395 199 4
395 210 4
395 221 3
395 261 3
395 268 4
395 273 4
395 286 4
395 288 3
395 302 4
395 313 4
395 318 4
395 322 3
395 324 3
395 325 2
395 332 3
395 334 3
395 338 3
395 340 3
395 345 3
395 390 4
395 423 4
395 435 4
395 457 2
395 475 4
395 483 4
395 498 4
395 504 4
395 513 4
395 588 4
395 611 3
395 615 4
395 641 4
395 657 4
395 680 3
395 705 4
395 748 3
395 751 3
395 853 4
395 855 3
395 878 2
395 894 2
395 988 2
395 989 3
395 991 3
396 2 3
396 4 4
396 12 4
396 13 4
396 15 4
396 25 3
396 28 4
396 31 4
396 47 4
396 49 4
396 50 4
396 56 4
396 63 4
396 64 4
396 65 4
396 66 4
396 69 4
396 70 4
396 72 3
396 73 4
396 82 4
396 85 4
396 87 4
396 94 3
396 95 4
396 117 4
396 124 4
396 125 4
396 126 4
396 127 4
396 132 4
396 134 4
396 144 4
396 152 3
396 154 4
396 158 3
396 159 3
396 163 3
396 167 3
396 168 4
396 172 4
396 174 4
396 176 4
396 178 4
396 181 4
396 182 4
396 183 4
396 186 4
396 191 4
396 194 4
396 196 4
396 197 4
396 199 4
396 202 4
396 203 4
396 204 4
396 211 4
396 216 4
396 228 4
396 229 3
396 230 4
396 234 4
396 235 3
396 239 4
396 274 3
396 276 4
396 284 3
396 357 4
396 385 4
396 393 4
396 399 3
396 403 4
396 414 4
396 417 3
396 423 4
396 429 3
396 430 4
396 432 4
396 435 4
396 474 4
396 476 3
396 479 4
396 480 4
396 481 4
396 485 4
396 491 4
396 493 4
396 494 4
396 496 4
396 497 4
396 498 4
396 501 4
396 502 4
396 504 4
396 510 4
396 514 4
396 519 4
396 520 4
396 521 4
396 523 4
396 525 4
396 588 4
396 589 4
396 591 4
396 602 4
396 654 4
396 659 4
396 661 4
396 663 4
396 700 3
396 710 3
396 715 3
396 732 4
396 735 4
396 737 4
396 756 3
396 796 3
396 953 4
396 969 3
396 991 3
396 993 4
397 2 2
397 5 2
397 8 3
397 9 3
397 12 3
397 15 3
397 22 3
397 26 3
397 33 2
397 38 2
397 41 2
397 42 3
397 43 2
397 48 3
397 50 3
397 53 2
397 55 3
397 56 3
397 57 4
397 58 3
397 62 2
397 63 2
397 64 4
397 66 3
397 67 2
397 68 2
397 69 3
397 71 3
397 72 2
397 73 2
397 77 3
397 79 3
397 80 2
397 84 3
397 91 3
397 93 2
397 94 2
397 95 3
397 97 3
397 98 3
397 99 3
397 102 3
397 110 1
397 114 3
397 117 3
397 118 2
397 121 2
397 127 3
397 128 2
397 132 3
397 140 3
397 143 3
397 144 3
397 147 2
397 148 2
397 153 3
397 155 2
397 156 3
397 157 3
397 161 3
397 164 2
397 168 3
397 172 3
397 174 3
397 175 3
397 179 3
397 180 3
397 181 3
397 186 3
397 187 3
397 188 2
397 195 3
397 196 3
397 203 3
397 204 3
397 210 3
397 214 2
397 215 3
397 219 2
397 223 3
397 227 2
397 228 3
397 229 2
397 230 3
397 231 2
397 233 3
397 234 3
397 237 3
397 238 3
397 239 3
397 241 2
397 264 2
397 265 3
397 268 3
397 273 2
397 274 3
397 276 2
397 282 3
397 284 2
397 288 2
397 289 2
397 291 2
397 295 2
397 301 2
397 307 3
397 318 3
397 323 2
397 332 2
397 338 2
397 340 2
397 364 1
397 372 2
397 378 3
397 380 3
397 382 3
397 383 2
397 384 2
397 385 3
397 386 2
397 388 1
397 389 2
397 395 2
397 399 2
397 400 1
397 401 2
397 402 3
397 403 3
397 405 2
397 407 2
397 412 1
397 413 1
397 418 3
397 420 3
397 423 3
397 431 3
397 432 3
397 436 3
397 444 2
397 450 2
397 451 2
397 452 2
397 454 1
397 455 2
397 459 2
397 470 3
397 471 3
397 475 3
397 486 3
397 496 3
397 501 3
397 506 3
397 508 2
397 527 3
397 531 3
397 543 2
397 544 1
397 546 2
397 549 3
397 550 3
397 554 2
397 559 2
397 564 1
397 566 3
397 568 3
397 575 2
397 576 2
397 578 2
397 582 3
397 588 3
397 591 3
397 597 2
397 616 3
397 622 3
397 628 2
397 633 3
397 651 3
397 655 3
397 660 3
397 679 2
397 684 3
397 693 2
397 697 3
397 710 2
397 720 2
397 722 2
397 727 2
397 732 3
397 735 3
397 738 2
397 742 3
397 744 3
397 746 2
397 747 3
397 754 2
397 755 3
397 760 2
397 763 2
397 768 2
397 772 2
397 774 1
397 779 2
397 781 3
397 806 3
397 809 3
397 813 3
397 817 1
397 824 2
397 825 2
397 826 2
397 845 3
397 924 2
397 926 2
397 928 2
397 941 2
397 946 3
397 959 3
397 969 2
397 975 2
397 977 2
397 986 1
398 258 3
398 259 2
398 288 3
398 294 3
398 304 3
398 307 3
398 321 3
398 323 3
398 689 3
399 1 3
399 9 3
399 11 3
399 13 2
399 14 3
399 26 3
399 44 3
399 50 3
399 64 3
399 65 3
399 70 3
399 71 3
399 83 3
399 97 3
399 100 3
399 111 3
399 117 3
399 121 3
399 127 3
399 133 3
399 135 3
399 143 3
399 144 3
399 147 3
399 151 2
399 153 3
399 154 3
399 157 3
399 161 2
399 162 3
399 168 3
399 172 3
399 173 3
399 174 3
399 181 3
399 194 3
399 196 3
399 197 3
399 198 2
399 199 3
399 202 2
399 204 3
399 210 3
399 225 2
399 235 2
399 237 3
399 248 2
399 257 3
399 272 3
399 273 3
399 275 3
399 276 3
399 280 2
399 282 3
399 294 2
399 302 3
399 312 2
399 315 3
399 316 3
399 318 3
399 321 2
399 322 2
399 328 3
399 357 3
399 365 2
399 371 2
399 385 3
399 404 2
399 430 3
399 435 3
399 451 3
399 462 3
399 471 3
399 478 3
399 481 3
399 484 3
399 485 3
399 486 2
399 493 3
399 499 3
399 501 2
399 507 2
399 508 2
399 509 3
399 511 3
399 515 3
399 519 2
399 520 3
399 527 3
399 528 3
399 535 3
399 553 2
399 566 3
399 582 2
399 603 3
399 604 2
399 609 2
399 630 2
399 632 3
399 638 3
399 651 3
399 654 3
399 655 3
399 659 3
399 661 3
399 684 3
399 707 2
399 724 2
399 735 3
399 748 2
399 762 2
399 815 2
399 866 2
399 892 2
400 1 4
400 9 4
400 10 4
400 13 4
400 16 3
400 19 4
400 25 4
400 42 4
400 48 4
400 50 4
400 96 4
400 111 3
400 116 4
400 117 4
400 124 4
400 126 4
400 127 4
400 135 4
400 151 4
400 182 4
400 204 4
400 222 4
400 234 4
400 237 4
400 245 3
400 255 3
400 273 4
400 276 4
400 286 4
400 455 3
400 471 4
400 475 3
400 476 3
400 480 4
400 483 4
400 511 4
400 529 4
400 591 4
400 628 4
400 696 3
400 764 3
