301 195 2
301 204 3
301 269 2
301 283 2
301 318 2
301 423 2
301 481 2
301 515 1
302 242 1
302 268 2
302 286 2
302 300 1
302 304 1
302 313 1
302 315 1
302 316 1
302 875 3
303 258 3
303 294 4
303 300 4
303 301 3
303 305 3
303 306 4
303 319 4
303 325 4
303 332 4
303 333 3
303 340 5
303 343 4
304 136 3
304 172 3
304 193 3
304 237 3
304 245 4
304 286 4
304 480 3
304 566 3
304 603 3
304 606 3
304 705 3
305 87 2
305 204 2
305 288 3
305 327 3
305 427 2
305 651 2
305 655 2
306 1 2
306 50 1
306 127 2
306 151 3
306 252 3
306 255 3
306 748 3
306 924 2
307 111 2
307 121 3
307 125 3
307 181 2
307 220 4
307 252 3
307 258 2
307 298 3
307 300 2
307 458 3
307 546 3
307 815 3
307 926 3
308 336 4
308 353 2
308 751 3
308 873 5
308 879 4
309 268 2
309 270 2
309 292 3
309 300 2
309 302 2
309 313 2
309 335 4
309 343 3
309 346 3
309 682 3
309 689 3
309 895 3
310 21 3
310 94 2
310 181 1
310 258 1
310 300 1
310 473 2
310 596 2
311 1 2
311 50 2
311 151 3
311 259 3
311 269 2
311 272 2
311 300 2
311 736 3
312 1 3
312 9 3
312 100 3
312 129 3
312 268 3
312 276 3
312 410 4
312 475 3
312 740 4
313 243 3
313 286 2
313 289 3
313 310 2
313 311 2
313 313 2
313 323 3
313 332 3
313 748 3
314 288 3
314 300 4
314 313 3
314 319 4
314 326 3
314 333 4
314 538 5
315 117 3
315 125 3
315 243 4
315 245 4
315 288 3
315 301 4
315 304 4
315 326 3
315 339 4
315 340 4
315 410 5
315 748 4
315 988 5
316 14 2
316 25 2
316 286 3
316 313 2
316 319 3
316 321 2
316 676 2
317 272 2
317 340 3
317 345 2
317 690 2
317 902 3
318 22 3
318 258 3
318 269 3
318 286 3
318 288 4
318 301 3
318 311 4
318 313 3
318 515 3
318 525 3
318 538 5
318 882 4
319 271 2
319 288 2
319 289 2
319 301 1
319 310 1
319 322 2
319 338 2
319 538 3
319 682 3
319 690 2
319 877 3
319 989 2
320 258 2
320 262 2
320 268 2
320 269 2
320 271 3
320 305 2
320 307 3
320 325 3
320 333 3
320 689 3
320 890 3
321 150 3
321 151 4
321 191 3
321 194 3
321 198 3
321 205 4
321 222 3
321 237 4
321 276 3
321 288 4
321 455 4
321 514 3
321 538 5
321 902 4
322 7 1
322 21 3
322 24 2
322 125 1
322 222 1
322 405 1
322 410 2
322 685 1
322 849 3
323 100 3
323 257 4
323 261 3
323 288 3
323 294 3
323 328 2
323 456 3
323 881 4
324 245 2
324 258 1
324 289 1
324 322 3
324 323 2
324 328 2
324 680 2
324 879 2
325 237 3
325 259 4
325 275 2
325 278 3
325 300 2
325 313 2
325 328 3
325 343 3
325 681 3
325 682 3
325 742 2
325 895 3
326 13 3
326 14 2
326 150 2
326 235 4
326 242 2
326 269 2
326 286 2
326 287 3
326 321 3
326 476 3
326 756 3
327 286 2
327 304 2
327 331 3
327 333 2
327 334 3
327 690 3
328 251 2
328 257 3
328 258 2
328 304 2
328 740 4
328 748 4
328 845 3
329 264 4
329 271 4
329 299 2
329 300 3
329 322 3
329 326 2
329 328 2
329 350 3
329 354 3
329 879 3
330 259 4
330 269 2
330 301 2
330 313 2
330 333 3
330 338 5
330 689 4
330 750 3
330 751 2
330 879 3
330 880 4
331 1 3
331 5 3
331 7 4
331 8 3
331 9 3
331 11 3
331 12 2
331 22 3
331 31 3
331 38 4
331 44 3
331 53 4
331 54 4
331 56 3
331 70 3
331 73 4
331 77 3
331 79 3
331 82 4
331 95 4
331 96 3
331 97 4
331 98 3
331 105 5
331 106 4
331 117 4
331 118 4
331 120 5
331 121 4
331 122 5
331 123 4
331 125 4
331 144 3
331 148 4
331 156 3
331 159 4
331 172 3
331 174 3
331 181 3
331 182 3
331 195 3
331 204 3
331 210 3
331 218 4
331 222 4
331 228 3
331 229 4
331 230 4
331 232 4
331 233 3
331 234 3
331 235 4
331 237 3
331 240 4
331 249 4
331 252 4
331 255 4
331 257 3
331 258 3
331 264 4
331 265 3
331 271 4
331 273 3
331 282 4
331 288 3
331 291 5
331 293 3
331 294 4
331 295 4
331 298 4
331 300 4
331 307 4
331 313 3
331 323 4
331 326 3
331 327 4
331 328 4
331 333 4
331 342 3
331 354 4
331 356 4
331 369 5
331 370 4
331 405 4
331 406 5
331 409 4
331 410 4
331 431 4
331 449 4
331 450 4
331 451 3
331 470 4
331 546 5
331 566 3
331 597 4
331 628 3
331 651 3
331 660 3
331 673 3
331 679 4
331 682 5
331 684 3
331 693 4
331 696 3
331 717 4
331 728 3
331 742 4
331 746 3
331 756 5
331 763 4
331 770 3
331 815 4
331 824 4
331 827 4
331 831 5
331 833 3
331 840 4
331 841 4
331 845 4
331 866 4
331 871 4
331 879 4
331 928 4
331 931 5
331 934 5
331 975 4
331 978 5
331 982 5
331 983 4
332 66 3
332 88 2
332 98 2
332 100 1
332 168 2
332 174 2
332 186 2
332 276 2
332 435 2
332 513 2
332 739 3
332 748 3
332 873 5
333 4 2
333 7 2
333 8 2
333 9 2
333 12 2
333 13 2
333 19 3
333 20 3
333 22 2
333 23 2
333 28 3
333 42 2
333 50 2
333 52 2
333 56 2
333 58 2
333 59 2
333 61 2
333 68 3
333 69 2
333 72 3
333 73 2
333 74 5
333 77 3
333 79 2
333 81 3
333 82 2
333 83 2
333 86 2
333 89 2
333 91 2
333 93 2
333 95 2
333 98 2
333 100 1
333 111 2
333 115 1
333 116 2
333 117 2
333 124 1
333 125 2
333 127 2
333 131 3
333 132 2
333 134 2
333 135 2
333 143 2
333 150 2
333 151 2
333 153 2
333 154 2
333 155 3
333 160 3
333 163 3
333 164 2
333 168 2
333 169 2
333 170 2
333 171 2
333 172 2
333 173 2
333 174 2
333 175 2
333 176 2
333 179 2
333 181 2
333 182 2
333 183 2
333 185 2
333 186 2
333 191 2
333 196 2
333 197 2
333 200 3
333 203 2
333 204 2
333 207 2
333 210 2
333 213 2
333 216 2
333 217 3
333 220 4
333 221 2
333 222 2
333 223 2
333 224 1
333 225 3
333 227 3
333 228 2
333 229 3
333 230 2
333 231 3
333 235 3
333 237 2
333 238 2
333 239 2
333 244 3
333 245 3
333 248 2
333 250 3
333 255 2
333 258 2
333 265 2
333 268 2
333 269 2
333 272 1
333 275 2
333 276 2
333 277 3
333 282 2
333 283 2
333 285 1
333 286 3
333 287 3
333 288 3
333 289 3
333 293 2
333 297 3
333 300 2
333 301 3
333 302 2
333 303 3
333 305 2
333 306 2
333 310 3
333 311 3
333 312 2
333 315 2
333 316 1
333 317 2
333 318 2
333 319 2
333 322 3
333 324 2
333 326 2
333 328 2
333 333 4
333 337 3
333 338 4
333 340 3
333 345 2
333 346 3
333 347 2
333 371 3
333 387 3
333 396 3
333 405 3
333 408 1
333 421 2
333 423 2
333 425 2
333 427 2
333 428 2
333 429 2
333 430 2
333 433 2
333 436 2
333 443 2
333 449 3
333 450 4
333 461 2
333 462 2
333 474 2
333 476 4
333 481 2
333 483 2
333 484 2
333 488 2
333 494 2
333 498 2
333 500 2
333 502 2
333 505 2
333 506 2
333 508 2
333 510 2
333 512 2
333 514 2
333 515 2
333 521 3
333 525 2
333 529 2
333 531 2
333 537 1
333 553 3
333 558 3
333 566 3
333 569 4
333 577 3
333 582 3
333 591 2
333 603 2
333 606 2
333 607 3
333 608 2
333 620 3
333 628 3
333 629 2
333 631 3
333 635 4
333 640 3
333 642 3
333 652 2
333 655 2
333 657 2
333 658 2
333 663 2
333 675 3
333 684 2
333 689 3
333 693 3
333 707 3
333 708 3
333 709 2
333 710 3
333 712 3
333 716 2
333 736 2
333 740 4
333 742 2
333 744 3
333 746 2
333 753 2
333 762 3
333 792 2
333 815 3
333 840 3
333 845 2
333 846 3
333 855 2
333 856 2
333 865 1
333 870 3
333 877 4
333 879 3
333 886 1
333 887 1
333 888 4
333 896 3
333 899 3
333 902 3
333 905 3
333 931 4
333 936 3
333 937 1
333 945 2
333 950 3
333 955 2
333 961 2
333 969 2
334 258 2
334 260 4
334 269 3
334 300 3
334 313 2
334 322 3
334 323 3
334 324 3
334 342 4
334 347 3
334 902 3
335 3 5
335 4 2
335 13 4
335 15 3
335 33 2
335 41 4
335 42 3
335 49 3
335 56 3
335 63 3
335 66 3
335 67 4
335 70 3
335 88 2
335 90 3
335 105 4
335 111 3
335 117 3
335 122 4
335 124 2
335 125 2
335 151 3
335 153 2
335 154 2
335 158 3
335 168 2
335 186 2
335 202 3
335 204 1
335 208 2
335 216 2
335 232 3
335 237 3
335 239 3
335 275 1
335 276 2
335 282 3
335 288 3
335 290 4
335 367 2
335 383 5
335 388 3
335 395 3
335 399 3
335 401 3
335 405 4
335 410 4
335 451 3
335 475 1
335 546 4
335 571 3
335 575 3
335 577 3
335 619 3
335 628 3
335 692 3
335 710 3
335 722 3
335 732 2
335 738 3
335 742 3
335 763 2
335 781 4
335 785 4
335 790 2
335 796 3
335 824 3
335 845 4
335 859 3
335 864 4
335 926 4
335 959 3
335 998 3
335 999 3
336 15 2
336 106 3
336 121 2
336 127 2
336 135 2
336 222 2
336 228 2
336 235 3
336 371 3
336 380 2
336 392 3
336 449 3
336 515 2
336 520 2
336 636 3
336 742 2
336 831 4
336 879 2
337 1 3
337 56 3
337 79 3
337 83 3
337 100 4
337 132 3
337 133 4
337 134 3
337 135 3
337 168 3
337 170 3
337 175 3
337 189 2
337 194 3
337 196 4
337 197 3
337 208 3
337 211 3
337 212 5
337 215 4
337 269 2
337 286 4
337 294 4
337 306 4
337 408 2
337 427 3
337 435 3
337 443 3
337 462 3
337 474 3
337 480 3
337 483 3
337 484 3
337 486 3
337 490 3
337 494 4
337 498 3
337 511 3
337 513 3
337 514 3
337 516 3
337 523 3
337 525 3
337 603 3
337 604 4
337 606 3
337 607 3
337 613 3
337 650 3
337 654 3
337 663 4
337 708 4
337 792 4
337 945 3
338 1 2
338 4 2
338 5 3
338 7 2
338 11 2
338 12 2
338 22 2
338 23 2
338 25 3
338 28 2
338 29 3
338 30 3
338 32 2
338 42 3
338 45 2
338 47 3
338 50 1
338 55 2
338 58 3
338 64 2
338 65 3
338 67 4
338 69 2
338 73 3
338 74 5
338 76 3
338 79 2
338 80 4
338 81 2
338 86 2
338 88 3
338 89 2
338 91 3
338 97 2
338 98 2
338 100 2
338 101 3
338 117 3
338 121 2
338 124 2
338 126 3
338 127 2
338 130 3
338 131 2
338 132 2
338 133 2
338 134 2
338 135 2
338 136 2
338 139 3
338 144 2
338 145 4
338 150 2
338 151 2
338 153 2
338 154 2
338 156 2
338 159 2
338 160 2
338 161 3
338 163 3
338 167 3
338 168 2
338 170 2
338 173 2
338 174 2
338 175 2
338 179 2
338 180 2
338 181 2
338 182 2
338 183 2
338 185 2
338 186 2
338 188 2
338 190 2
338 191 2
338 192 2
338 194 2
338 195 2
338 196 2
338 197 2
338 198 2
338 199 2
338 203 2
338 204 2
338 205 3
338 208 2
338 209 2
338 214 2
338 222 3
338 226 2
338 227 3
338 228 2
338 231 3
338 233 3
338 234 2
338 235 3
338 238 2
338 240 3
338 248 2
338 257 3
338 258 2
338 265 2
338 269 2
338 270 3
338 276 3
338 286 3
338 288 2
338 298 3
338 302 2
338 317 2
338 327 3
338 347 2
338 357 2
338 380 3
338 402 2
338 403 2
338 404 3
338 410 3
338 411 3
338 415 3
338 423 2
338 427 2
338 428 2
338 431 2
338 433 3
338 435 2
338 436 2
338 447 2
338 451 2
338 461 2
338 469 3
338 474 2
338 475 3
338 478 2
338 479 2
338 483 2
338 484 2
338 485 3
338 488 2
338 496 2
338 503 3
338 508 2
338 509 3
338 511 2
338 514 2
338 515 2
338 516 2
338 521 3
338 522 2
338 523 2
338 525 2
338 528 2
338 530 2
338 546 3
338 549 3
338 550 2
338 566 2
338 568 2
338 573 3
338 582 3
338 589 3
338 603 2
338 607 2
338 614 3
338 631 3
338 636 3
338 637 3
338 640 3
338 642 3
338 649 2
338 650 2
338 655 2
338 657 2
338 661 2
338 663 2
338 673 2
338 675 2
338 678 4
338 693 3
338 702 4
338 709 2
338 719 3
338 737 3
338 739 3
338 770 3
338 772 3
338 806 2
338 823 3
338 845 3
338 856 2
338 939 2
338 942 2
338 961 2
339 1 2
339 15 3
339 50 2
339 66 3
339 71 2
339 143 1
339 173 2
339 174 2
339 186 2
339 199 2
339 204 2
339 205 3
339 215 2
339 265 2
339 274 2
339 417 3
339 418 3
339 423 2
339 435 2
339 502 2
339 504 3
339 520 1
339 526 3
339 584 3
339 588 2
339 946 3
340 3 2
340 4 2
340 7 3
340 8 2
340 11 2
340 13 3
340 15 2
340 23 1
340 25 2
340 26 3
340 28 2
340 32 2
340 47 2
340 56 2
340 58 2
340 68 3
340 92 2
340 93 2
340 95 2
340 98 2
340 100 2
340 108 2
340 111 3
340 122 3
340 123 3
340 124 2
340 125 2
340 131 3
340 132 2
340 133 2
340 134 2
340 135 2
340 143 2
340 144 2
340 156 3
340 160 3
340 174 1
340 175 2
340 179 1
340 188 3
340 189 2
340 191 2
340 192 2
340 193 2
340 194 2
340 196 2
340 197 2
340 204 1
340 208 2
340 212 1
340 216 2
340 220 4
340 223 2
340 237 3
340 238 2
340 240 3
340 248 2
340 251 2
340 255 3
340 257 3
340 262 2
340 274 3
340 276 2
340 282 3
340 287 1
340 288 3
340 289 3
340 294 3
340 297 3
340 298 3
340 301 2
340 319 2
340 320 3
340 326 2
340 327 5
340 357 2
340 367 3
340 378 2
340 381 3
340 382 2
340 408 2
340 410 3
340 412 4
340 421 2
340 423 2
340 427 2
340 433 2
340 461 3
340 478 2
340 482 3
340 483 2
340 487 1
340 496 2
340 499 3
340 508 2
340 517 1
340 518 2
340 531 2
340 535 3
340 544 4
340 547 2
340 574 3
340 581 2
340 584 3
340 591 2
340 606 2
340 607 2
340 654 2
340 655 2
340 656 2
340 657 2
340 663 3
340 699 2
340 723 4
340 724 3
340 732 3
340 746 3
340 762 3
340 764 3
340 772 3
340 789 1
340 792 3
340 818 3
340 844 3
340 846 3
340 866 3
340 873 3
340 875 2
340 928 3
340 950 3
340 952 3
340 965 3
340 974 3
340 975 2
341 1 4
341 3 4
341 4 3
341 7 3
341 8 3
341 9 3
341 10 4
341 11 3
341 20 4
341 23 3
341 25 4
341 26 4
341 28 3
341 38 4
341 42 4
341 44 3
341 47 4
341 50 3
341 52 3
341 53 5
341 55 3
341 56 3
341 57 3
341 58 3
341 62 4
341 63 4
341 65 3
341 66 3
341 67 5
341 68 4
341 69 3
341 76 3
341 77 4
341 79 3
341 81 3
341 82 3
341 83 3
341 86 4
341 87 3
341 88 3
341 89 3
341 90 4
341 97 3
341 98 3
341 100 3
341 117 3
341 118 4
341 121 4
341 124 3
341 127 2
341 130 4
341 132 3
341 134 3
341 135 3
341 137 2
341 143 4
341 144 4
341 147 4
341 153 3
341 154 3
341 155 4
341 156 3
341 159 4
341 163 4
341 164 3
341 168 3
341 169 3
341 174 3
341 176 3
341 177 3
341 179 3
341 186 3
341 187 3
341 188 4
341 189 3
341 191 3
341 193 3
341 194 3
341 196 3
341 197 3
341 199 3
341 200 4
341 208 3
341 211 3
341 214 4
341 223 3
341 228 3
341 229 4
341 231 5
341 234 3
341 235 5
341 236 4
341 237 3
341 238 3
341 241 4
341 250 4
341 257 3
341 265 3
341 269 3
341 275 3
341 276 3
341 277 3
341 288 3
341 297 3
341 302 3
341 303 3
341 306 4
341 318 3
341 324 3
341 333 4
341 334 5
341 357 3
341 358 4
341 367 4
341 371 3
341 375 4
341 382 4
341 385 4
341 405 4
341 408 3
341 410 4
341 423 3
341 427 3
341 429 3
341 435 3
341 449 4
341 458 4
341 461 3
341 462 3
341 463 3
341 471 3
341 473 4
341 474 3
341 476 5
341 483 3
341 498 3
341 499 4
341 510 3
341 515 3
341 521 3
341 523 3
341 527 3
341 530 3
341 536 3
341 546 4
341 555 4
341 559 5
341 561 5
341 568 3
341 569 5
341 581 3
341 582 3
341 606 4
341 614 4
341 631 4
341 642 4
341 654 3
341 655 3
341 657 3
341 660 3
341 684 3
341 702 4
341 703 4
341 708 4
341 712 4
341 724 3
341 727 4
341 729 4
341 739 4
341 744 3
341 747 3
341 778 3
341 786 4
341 792 3
341 919 4
341 921 3
341 930 5
341 931 5
341 943 4
341 950 4
341 951 4
341 961 3
341 980 4
342 1 2
342 4 2
342 5 3
342 7 2
342 8 3
342 9 2
342 11 2
342 13 2
342 14 2
342 22 2
342 25 3
342 26 3
342 39 3
342 45 2
342 58 2
342 70 3
342 73 3
342 79 2
342 86 3
342 87 2
342 88 2
342 89 2
342 95 3
342 96 2
342 97 2
342 98 2
342 106 3
342 111 2
342 118 3
342 119 1
342 122 4
342 124 2
342 125 3
342 127 2
342 129 3
342 132 2
342 137 2
342 148 4
342 169 2
342 172 2
342 174 2
342 175 3
342 176 2
342 181 2
342 183 2
342 190 2
342 191 2
342 195 2
342 196 2
342 198 2
342 202 2
342 203 2
342 204 2
342 208 2
342 210 2
342 213 2
342 215 2
342 216 2
342 222 3
342 228 2
342 235 4
342 237 3
342 244 2
342 245 4
342 246 2
342 248 2
342 251 2
342 255 3
342 269 2
342 272 2
342 274 3
342 275 2
342 276 2
342 278 2
342 280 3
342 281 3
342 283 3
342 284 3
342 285 2
342 286 2
342 288 3
342 291 3
342 295 3
342 297 3
342 298 3
342 301 3
342 304 2
342 306 3
342 311 3
342 313 2
342 315 2
342 316 1
342 322 4
342 357 2
342 372 2
342 385 3
342 405 3
342 433 3
342 451 3
342 459 3
342 462 2
342 471 3
342 472 3
342 476 4
342 477 3
342 478 2
342 479 2
342 486 2
342 487 2
342 494 2
342 508 2
342 509 2
342 511 2
342 516 2
342 535 4
342 537 2
342 559 4
342 562 3
342 568 2
342 597 3
342 619 2
342 647 2
342 660 2
342 663 2
342 678 4
342 684 2
342 694 2
342 696 2
342 707 3
342 708 3
342 709 2
342 713 2
342 716 3
342 742 2
342 751 3
342 764 3
342 815 3
342 844 5
342 845 2
342 864 4
342 896 3
342 926 4
342 928 3
342 955 2
343 1 3
343 4 4
343 9 2
343 11 4
343 13 5
343 14 3
343 15 3
343 25 3
343 26 3
343 28 3
343 33 3
343 43 4
343 44 3
343 48 3
343 49 4
343 50 3
343 51 4
343 64 2
343 65 4
343 66 3
343 69 3
343 70 4
343 71 3
343 77 3
343 79 3
343 81 4
343 87 3
343 88 3
343 93 3
343 98 3
343 100 3
343 111 4
343 118 4
343 121 3
343 124 4
343 125 3
343 126 4
343 131 5
343 132 4
343 137 2
343 143 4
343 148 4
343 151 5
343 170 3
343 172 4
343 173 3
343 174 2
343 191 4
343 196 4
343 197 3
343 202 3
343 204 4
343 216 3
343 220 5
343 221 2
343 223 2
343 226 4
343 234 3
343 235 5
343 237 4
343 239 3
343 241 3
343 245 4
343 246 3
343 255 4
343 258 3
343 262 4
343 269 3
343 272 3
343 274 3
343 278 4
343 280 4
343 282 3
343 283 5
343 284 4
343 285 3
343 287 5
343 288 4
343 289 3
343 291 4
343 294 4
343 295 4
343 298 4
343 300 5
343 302 4
343 303 3
343 305 4
343 311 4
343 312 4
343 313 3
343 315 3
343 317 4
343 323 5
343 325 2
343 332 4
343 333 5
343 356 3
343 365 3
343 367 4
343 378 4
343 381 4
343 382 3
343 387 4
343 402 3
343 403 4
343 405 3
343 416 4
343 433 4
343 443 3
343 451 4
343 461 4
343 464 4
343 471 3
343 473 3
343 476 5
343 479 3
343 481 4
343 485 5
343 498 2
343 508 3
343 518 2
343 534 3
343 550 3
343 559 5
343 566 3
343 568 4
343 582 2
343 588 3
343 620 4
343 639 4
343 651 3
343 655 3
343 660 3
343 676 4
343 696 4
343 702 4
343 708 4
343 709 4
343 715 4
343 716 3
343 722 4
343 724 3
343 732 3
343 736 3
343 737 4
343 738 4
343 739 4
343 742 3
343 744 4
343 747 3
343 748 5
343 772 5
343 781 4
343 845 3
343 846 4
343 866 3
343 879 3
343 886 2
343 903 4
343 919 4
343 949 4
343 955 3
343 956 5
343 972 3
343 988 5
344 2 3
344 3 4
344 4 3
344 7 3
344 11 2
344 12 2
344 17 3
344 22 1
344 29 3
344 31 2
344 33 3
344 38 3
344 50 2
344 53 2
344 54 3
344 55 2
344 56 2
344 62 3
344 64 2
344 67 3
344 72 3
344 76 3
344 83 2
344 89 2
344 91 2
344 92 2
344 94 2
344 97 2
344 98 2
344 100 2
344 110 3
344 117 2
344 120 4
344 121 2
344 127 2
344 132 2
344 133 2
344 134 2
344 141 2
344 143 2
344 144 2
344 147 2
344 153 2
344 157 2
344 158 4
344 161 2
344 167 4
344 168 2
344 172 2
344 173 2
344 174 2
344 176 2
344 180 2
344 181 2
344 183 2
344 184 3
344 186 2
344 187 2
344 188 2
344 203 2
344 204 2
344 210 2
344 211 2
344 213 3
344 215 2
344 216 2
344 218 3
344 219 3
344 232 3
344 234 2
344 240 4
344 245 3
344 250 3
344 259 4
344 265 2
344 273 3
344 276 3
344 288 2
344 291 3
344 293 2
344 294 3
344 300 3
344 302 3
344 318 1
344 322 4
344 325 3
344 333 4
344 358 4
344 366 3
344 369 4
344 375 4
344 385 2
344 391 4
344 392 3
344 394 3
344 403 2
344 405 3
344 415 3
344 431 3
344 455 3
344 470 3
344 496 2
344 518 2
344 520 1
344 541 3
344 546 3
344 549 2
344 550 3
344 561 3
344 569 4
344 572 3
344 576 3
344 578 3
344 582 3
344 597 3
344 616 3
344 636 3
344 642 3
344 657 2
344 669 5
344 673 2
344 684 2
344 685 2
344 708 3
344 712 3
344 727 1
344 732 3
344 739 3
344 742 2
344 743 4
344 746 2
344 748 4
344 780 3
344 785 3
344 802 4
344 809 3
344 831 4
344 842 3
344 879 2
344 944 4
344 959 1
344 967 3
344 977 4
345 1 3
345 7 3
345 12 3
345 15 3
345 17 4
345 22 3
345 24 4
345 25 4
345 28 3
345 31 3
345 50 2
345 55 3
345 56 3
345 65 3
345 68 4
345 69 3
345 70 4
345 73 4
345 76 4
345 79 3
345 82 3
345 85 4
345 87 3
345 91 3
345 96 3
345 97 3
345 98 3
345 99 3
345 117 3
345 118 4
345 125 3
345 127 3
345 137 2
345 151 4
345 156 3
345 157 3
345 158 5
345 159 3
345 163 3
345 164 3
345 168 3
345 172 3
345 173 3
345 174 2
345 176 3
345 177 3
345 181 3
345 182 3
345 183 3
345 187 3
345 188 3
345 192 3
345 195 3
345 200 4
345 202 4
345 203 3
345 204 3
345 208 3
345 215 3
345 216 3
345 222 3
345 223 3
345 226 4
345 227 4
345 230 4
345 233 4
345 235 5
345 239 3
345 240 5
345 241 3
345 245 4
345 252 3
345 258 3
345 268 3
345 271 5
345 276 3
345 280 4
345 286 3
345 290 4
345 291 4
345 293 3
345 294 5
345 298 5
345 300 4
345 317 3
345 318 2
345 323 4
345 324 4
345 328 3
345 333 4
345 356 3
345 369 5
345 371 4
345 385 4
345 386 4
345 392 4
345 403 4
345 404 3
345 405 4
345 410 4
345 416 4
345 423 3
345 432 4
345 460 5
345 462 3
345 465 4
345 468 4
345 470 4
345 471 3
345 472 4
345 475 2
345 501 4
345 508 4
345 544 4
345 550 4
345 568 3
345 588 3
345 595 5
345 597 4
345 609 4
345 655 3
345 660 3
345 685 3
345 686 3
345 689 4
345 692 4
345 699 4
345 721 4
345 735 3
345 742 4
345 763 4
345 806 3
345 819 5
345 820 5
345 827 4
345 829 5
345 831 5
345 841 4
345 871 5
345 879 3
345 928 4
345 930 4
345 943 4
345 959 2
345 977 5
345 982 4
346 7 3
346 25 4
346 107 3
346 118 4
346 121 4
346 123 4
346 126 3
346 147 3
346 225 4
346 240 4
346 243 5
346 245 3
346 276 3
346 288 4
346 291 4
346 294 4
346 368 5
346 370 5
346 405 4
346 406 5
346 411 4
346 412 5
346 472 4
346 473 4
346 477 4
346 546 4
346 628 3
346 756 4
346 819 4
346 831 4
346 834 5
346 924 3
346 926 4
346 934 4
346 974 4
346 975 4
346 988 5
347 9 2
347 15 2
347 20 1
347 100 1
347 118 2
347 125 2
347 237 3
347 276 1
347 411 3
347 412 2
347 455 2
347 458 2
347 471 2
347 475 1
347 544 2
347 596 1
347 847 1
348 23 2
348 50 2
348 89 2
348 132 2
348 133 3
348 136 2
348 168 2
348 172 2
348 173 2
348 174 2
348 179 2
348 183 2
348 193 2
348 204 2
348 210 2
348 211 2
348 214 3
348 228 2
348 271 3
348 324 2
348 435 2
348 479 2
348 480 2
348 483 2
348 489 2
348 515 1
348 530 2
348 589 2
348 604 2
348 616 3
348 654 2
348 657 2
349 286 3
349 288 4
349 289 4
349 292 4
349 301 4
349 310 3
349 311 4
349 312 4
349 313 3
349 323 4
349 326 3
349 332 4
349 340 4
349 341 4
349 343 4
349 359 4
349 538 4
349 748 4
349 751 3
349 754 3
349 873 5
349 879 4
349 880 4
349 984 4
349 989 4
349 990 4
350 4 2
350 7 2
350 39 3
350 79 2
350 89 2
350 92 2
350 96 2
350 100 2
350 129 3
350 144 3
350 156 2
350 173 2
350 176 3
350 181 2
350 182 2
350 183 2
350 194 2
350 195 2
350 216 2
350 228 3
350 234 2
350 273 2
350 302 2
350 385 2
350 568 2
350 653 2
350 692 3
350 746 2
351 272 2
351 300 3
351 301 3
351 327 3
351 328 2
351 331 2
351 332 3
351 340 2
351 343 3
351 346 2
351 358 3
351 750 2
351 905 3
352 7 4
352 9 3
352 19 4
352 25 3
352 32 3
352 42 4
352 47 4
352 50 3
352 52 3
352 57 2
352 58 4
352 59 3
352 60 3
352 61 3
352 66 4
352 70 3
352 79 3
352 83 3
352 86 3
352 87 3
352 88 3
352 93 4
352 98 3
352 109 4
352 116 3
352 124 3
352 131 3
352 133 3
352 134 3
352 135 3
352 136 3
352 137 3
352 143 3
352 149 4
352 151 4
352 152 4
352 153 3
352 154 3
352 155 4
352 162 3
352 166 3
352 168 3
352 171 3
352 174 3
352 175 3
352 180 3
352 186 3
352 189 3
352 190 3
352 191 3
352 193 3
352 197 3
352 199 3
352 202 3
352 208 3
352 209 4
352 211 3
352 213 3
352 216 3
352 238 3
352 241 4
352 242 3
352 246 3
352 248 3
352 251 3
352 255 3
352 257 4
352 258 3
352 268 2
352 269 3
352 270 3
352 272 2
352 275 3
352 276 3
352 281 4
352 285 3
352 287 4
352 297 3
352 303 3
352 305 3
352 306 3
352 308 3
352 311 3
352 313 2
352 318 3
352 321 4
352 344 5
352 381 3
352 382 4
352 387 4
352 414 3
352 419 4
352 421 3
352 423 3
352 428 3
352 429 3
352 435 3
352 462 3
352 463 3
352 464 3
352 473 4
352 478 3
352 479 3
352 480 3
352 483 3
352 485 3
352 487 3
352 489 3
352 494 3
352 496 3
352 497 3
352 498 3
352 507 4
352 508 4
352 509 3
352 511 3
352 513 3
352 515 3
352 516 3
352 518 4
352 520 3
352 528 3
352 529 3
352 531 3
352 533 3
352 582 3
352 584 4
352 602 3
352 603 3
352 604 3
352 605 4
352 606 3
352 607 4
352 629 4
352 631 4
352 638 3
352 650 4
352 651 3
352 652 3
352 657 3
352 659 4
352 660 3
352 661 3
352 692 4
352 694 3
352 699 3
352 702 4
352 705 3
352 707 4
352 709 3
352 716 4
352 732 3
352 733 2
352 735 3
352 736 3
352 737 4
352 740 5
352 753 3
352 792 4
352 811 4
352 847 3
352 855 3
352 863 4
352 865 2
352 882 4
352 889 4
352 900 3
352 904 5
352 929 5
352 953 3
352 955 3
352 956 4
352 958 4
352 962 5
353 260 4
353 264 5
353 271 5
353 306 3
353 307 4
353 328 4
353 358 4
353 681 4
353 882 4
354 300 3
354 307 3
354 312 3
354 316 1
354 326 3
354 331 2
354 689 3
354 748 3
354 937 1
355 1 3
355 7 4
355 10 3
355 24 4
355 105 5
355 111 4
355 118 4
355 123 4
355 125 3
355 126 3
355 150 3
355 151 4
355 220 4
355 222 3
355 235 5
355 237 3
355 245 4
355 270 3
355 273 3
355 274 3
355 275 3
355 280 4
355 284 3
355 287 4
355 291 4
355 304 3
355 322 4
355 334 5
355 405 3
355 407 5
355 455 3
355 456 5
355 471 3
355 472 4
355 473 4
355 476 4
355 546 4
355 595 4
355 597 4
355 685 4
355 687 5
355 713 4
355 742 3
355 760 5
355 819 4
355 820 5
355 831 5
355 833 4
355 866 3
355 932 4
355 984 5
356 8 3
356 132 1
356 179 2
356 213 2
356 324 2
356 357 2
356 382 3
356 469 2
356 482 2
356 511 2
356 529 3
356 558 3
356 582 3
356 584 3
356 639 3
356 643 3
356 855 2
356 896 2
356 918 3
357 1 2
357 7 2
357 118 3
357 181 2
357 250 3
357 268 1
357 286 3
357 295 3
357 298 3
357 313 1
357 405 2
357 408 1
357 455 3
357 472 3
357 748 4
358 1 3
358 10 3
358 13 4
358 14 3
358 23 3
358 25 3
358 28 3
358 45 3
358 50 3
358 56 3
358 64 3
358 79 3
358 116 3
358 134 3
358 157 3
358 165 3
358 166 3
358 170 3
358 172 3
358 174 3
358 181 3
358 187 3
358 191 3
358 194 3
358 195 3
358 197 3
358 199 3
358 205 4
358 207 3
358 210 3
358 222 3
358 237 4
358 238 3
358 242 3
358 248 3
358 251 3
358 269 3
358 271 4
358 275 3
358 284 4
358 286 4
358 297 3
358 302 3
358 303 3
358 304 3
358 306 3
358 308 4
358 309 5
358 321 4
358 326 4
358 328 3
358 334 4
358 357 3
358 405 4
358 423 3
358 479 3
358 515 3
358 521 3
358 523 3
358 588 3
358 654 3
358 661 3
358 663 4
358 735 4
358 744 3
358 845 4
358 933 5
358 936 3
358 963 3
359 12 2
359 14 2
359 23 1
359 26 3
359 53 3
359 55 2
359 56 3
359 59 3
359 60 1
359 66 2
359 79 2
359 83 2
359 86 2
359 88 2
359 90 3
359 97 3
359 98 2
359 100 3
359 111 2
359 129 2
359 148 4
359 150 3
359 156 2
359 166 1
359 168 2
359 170 1
359 173 1
359 176 2
359 178 1
359 179 2
359 183 3
359 185 3
359 186 2
359 190 1
359 197 2
359 203 2
359 204 3
359 207 3
359 212 3
359 216 2
359 218 2
359 222 2
359 228 2
359 234 3
359 237 4
359 238 2
359 258 3
359 269 2
359 273 1
359 274 3
359 275 2
359 276 2
359 286 3
359 340 4
359 387 2
359 421 2
359 430 2
359 435 2
359 451 2
359 466 2
359 475 2
359 498 1
359 502 2
359 504 2
359 513 2
359 514 3
359 517 4
359 524 2
359 525 2
359 531 2
359 611 3
359 639 3
359 654 2
359 657 2
359 659 2
359 673 2
359 684 3
359 694 2
359 705 2
359 709 3
359 737 4
359 739 3
359 742 3
359 762 2
359 770 3
359 781 3
359 794 3
359 813 3
359 934 3
359 949 3
360 245 3
360 258 2
360 288 3
360 294 3
360 300 2
360 302 2
360 312 3
360 328 2
360 350 3
361 1 2
361 2 3
361 4 3
361 5 2
361 7 3
361 9 2
361 11 2
361 22 2
361 29 3
361 32 2
361 37 4
361 38 3
361 44 2
361 47 3
361 50 2
361 55 3
361 56 2
361 58 3
361 62 3
361 65 2
361 66 2
361 67 2
361 68 3
361 70 3
361 71 2
361 72 2
361 73 3
361 77 2
361 79 2
361 81 2
361 82 2
361 87 2
361 88 2
361 89 2
361 90 3
361 91 3
361 93 2
361 95 3
361 96 2
361 97 3
361 98 2
361 101 3
361 102 3
361 114 1
361 117 2
361 120 4
361 121 2
361 128 3
361 134 2
361 137 1
361 144 2
361 145 4
361 151 3
361 152 3
361 154 2
361 155 3
361 156 2
361 159 2
361 161 3
361 163 2
361 164 2
361 169 2
361 171 2
361 172 2
361 173 2
361 174 2
361 179 2
361 182 2
361 183 2
361 184 3
361 186 2
361 187 2
361 188 2
361 189 2
361 193 2
361 195 2
361 196 2
361 200 2
361 201 3
361 204 2
361 206 3
361 208 2
361 210 2
361 212 3
361 215 2
361 216 2
361 217 3
361 218 2
361 222 2
361 226 3
361 227 3
361 228 2
361 229 3
361 231 3
361 234 2
361 235 4
361 237 3
361 248 3
361 250 3
361 258 2
361 264 3
361 265 2
361 270 2
361 271 4
361 282 2
361 283 3
361 284 3
361 288 3
361 290 3
361 293 2
361 298 4
361 307 3
361 315 2
361 316 2
361 317 3
361 322 3
361 325 2
361 328 3
361 333 4
361 336 2
361 346 2
361 347 3
361 350 2
361 351 3
361 366 3
361 370 4
361 380 3
361 387 4
361 391 3
361 393 3
361 402 2
361 403 3
361 405 4
361 408 1
361 417 3
361 423 2
361 426 3
361 428 2
361 429 1
361 431 2
361 433 3
361 443 2
361 444 1
361 448 2
361 449 3
361 451 2
361 461 2
361 469 2
361 472 3
361 473 3
361 474 2
361 505 3
361 506 2
361 511 2
361 523 2
361 531 2
361 537 2
361 546 4
361 550 2
361 552 3
361 554 3
361 555 2
361 559 3
361 561 3
361 566 2
361 568 3
361 569 3
361 571 3
361 572 3
361 575 3
361 578 3
361 588 2
361 590 4
361 591 2
361 597 3
361 603 2
361 616 3
361 625 3
361 631 3
361 640 3
361 650 2
361 651 2
361 653 2
361 658 3
361 660 3
361 665 2
361 673 2
361 675 1
361 678 3
361 679 3
361 682 3
361 685 3
361 691 3
361 698 3
361 699 2
361 707 3
361 709 3
361 710 3
361 719 3
361 735 2
361 741 2
361 742 3
361 746 2
361 747 2
361 752 2
361 760 4
361 761 2
361 767 4
361 774 5
361 778 2
361 792 3
361 802 3
361 805 3
361 809 3
361 816 2
361 825 2
361 831 4
361 854 3
361 859 3
361 895 3
361 906 3
361 933 5
361 940 3
361 946 3
361 959 2
361 979 3
362 288 3
362 289 2
362 319 2
362 321 3
362 875 3
362 988 4
363 1 2
363 7 2
363 13 3
363 25 2
363 109 3
363 124 2
363 125 2
363 137 2
363 150 2
363 151 3
363 222 3
363 258 2
363 268 2
363 271 3
363 272 1
363 275 2
363 277 2
363 285 2
363 287 2
363 288 2
363 294 3
363 301 3
363 309 3
363 315 2
363 316 1
363 321 3
363 326 2
363 352 2
363 473 3
363 476 3
363 591 2
363 742 2
363 813 3
363 846 2
363 894 5
363 908 3
363 948 3
363 995 3
364 98 3
364 164 3
364 184 3
364 201 4
364 217 4
364 218 4
364 219 4
364 234 4
364 413 4
364 445 3
364 448 4
364 559 4
364 561 4
364 672 4
364 853 4
364 854 5
364 860 5
365 5 2
365 17 3
365 50 1
365 53 2
365 56 2
365 98 2
365 145 4
365 176 2
365 179 2
365 183 2
365 184 2
365 200 3
365 201 3
365 218 3
365 234 2
365 246 2
365 250 2
365 258 2
365 288 2
365 302 2
365 324 3
365 326 3
365 333 3
365 379 2
365 406 3
365 413 3
365 436 1
365 441 3
365 443 2
365 448 3
365 452 3
365 559 3
365 567 5
365 637 3
365 665 3
365 670 2
365 672 3
365 760 4
365 769 4
365 800 3
365 919 2
366 11 2
366 17 3
366 56 2
366 89 2
366 98 2
366 100 2
366 127 2
366 181 2
366 184 3
366 201 3
366 217 3
366 218 3
366 234 2
366 313 2
366 320 5
366 379 3
366 396 3
366 561 4
366 567 5
366 569 4
366 637 3
366 670 3
366 672 3
366 774 5
367 50 3
367 166 2
367 172 3
367 179 4
367 181 2
367 243 5
367 346 4
367 358 4
367 890 4
367 988 5
368 12 1
368 22 2
368 31 3
368 42 2
368 50 2
368 56 2
368 98 2
368 114 2
368 116 1
368 134 2
368 135 3
368 136 3
368 153 2
368 172 2
368 174 2
368 175 3
368 176 2
368 181 2
368 183 2
368 193 2
368 195 2
368 209 2
368 210 2
368 222 3
368 257 4
368 265 2
368 269 2
368 285 2
368 294 3
368 321 2
368 323 4
368 423 2
368 425 3
368 433 3
368 443 2
368 480 2
368 484 2
368 493 2
368 494 3
368 497 2
368 511 2
368 514 2
368 525 2
368 603 2
368 604 3
368 607 2
368 608 3
368 613 2
368 657 2
368 659 3
368 661 2
368 705 2
368 856 3
368 923 2
369 1 3
369 22 3
369 24 4
369 50 3
369 55 3
369 64 3
369 69 4
369 77 4
369 97 3
369 98 3
369 117 4
369 174 3
369 175 3
369 177 3
369 179 3
369 180 3
369 181 3
369 183 3
369 194 2
369 197 4
369 210 3
369 237 4
369 265 3
369 393 3
369 431 3
369 435 3
369 443 3
369 449 4
369 452 4
369 523 3
369 627 4
369 655 3
369 746 3
370 5 4
370 12 3
370 23 3
370 44 3
370 56 3
370 77 3
370 79 3
370 98 3
370 100 2
370 129 3
370 148 4
370 159 4
370 176 3
370 185 3
370 200 4
370 201 4
370 218 3
370 219 4
370 262 3
370 288 4
370 299 4
370 322 4
370 325 2
370 327 5
370 332 4
370 436 3
370 441 5
370 443 3
370 446 4
370 447 3
370 547 4
370 561 5
370 574 5
370 595 4
370 628 3
370 637 4
370 649 4
370 672 5
370 674 4
370 678 4
370 874 3
370 875 4
371 2 4
371 4 4
371 12 3
371 15 4
371 20 3
371 22 3
371 24 4
371 25 4
371 28 4
371 31 3
371 48 3
371 50 3
371 58 3
371 64 3
371 66 3
371 68 4
371 70 3
371 80 4
371 81 4
371 82 3
371 83 3
371 89 3
371 90 4
371 94 3
371 95 3
371 96 3
371 97 4
371 99 3
371 100 4
371 102 4
371 105 4
371 110 4
371 114 3
371 117 4
371 127 3
371 132 3
371 136 3
371 139 4
371 142 4
371 143 3
371 144 3
371 150 3
371 151 4
371 154 3
371 155 4
371 156 4
371 161 4
371 162 4
371 163 4
371 165 3
371 166 3
371 172 3
371 173 3
371 175 3
371 177 4
371 179 3
371 180 3
371 181 3
371 184 3
371 186 3
371 189 3
371 191 3
371 194 3
371 195 3
371 196 3
371 197 3
371 202 3
371 206 4
371 208 3
371 209 3
371 210 3
371 211 3
371 213 3
371 214 4
371 215 3
371 217 5
371 225 4
371 226 3
371 228 3
371 230 4
371 232 4
371 239 3
371 241 4
371 259 5
371 265 3
371 269 3
371 275 3
371 278 4
371 281 4
371 286 3
371 290 4
371 318 3
371 357 3
371 366 4
371 378 3
371 382 4
371 386 4
371 389 3
371 390 4
371 392 4
371 393 3
371 399 3
371 401 5
371 402 3
371 403 4
371 404 3
371 409 4
371 414 3
371 417 4
371 418 4
371 420 3
371 421 3
371 423 3
371 427 3
371 431 4
371 433 3
371 435 3
371 451 4
371 472 4
371 474 3
371 480 3
371 485 4
371 487 3
371 488 3
371 494 3
371 497 3
371 499 3
371 506 3
371 510 3
371 514 3
371 520 3
371 527 3
371 550 3
371 553 4
371 559 4
371 566 3
371 568 4
371 571 4
371 577 4
371 588 3
371 598 4
371 603 3
371 625 4
371 627 4
371 645 4
371 648 2
371 649 4
371 651 3
371 655 3
371 658 3
371 660 3
371 679 4
371 694 3
371 699 3
371 704 4
371 705 3
371 707 4
371 709 3
371 715 4
371 724 3
371 727 4
371 729 4
371 732 3
371 746 3
371 747 3
371 748 5
371 756 4
371 778 3
371 828 5
371 842 4
371 843 2
371 849 5
371 941 5
371 946 4
371 949 4
372 1 1
372 5 2
372 7 2
372 9 2
372 11 1
372 12 2
372 15 1
372 17 2
372 23 1
372 24 2
372 28 1
372 29 2
372 39 2
372 48 1
372 50 1
372 56 2
372 64 1
372 66 1
372 68 2
372 69 1
372 70 1
372 71 1
372 77 1
372 87 1
372 89 1
372 95 1
372 97 1
372 98 1
372 100 2
372 106 2
372 111 2
372 116 2
372 118 2
372 120 3
372 121 1
372 122 3
372 123 2
372 125 1
372 126 2
372 127 2
372 129 1
372 135 1
372 143 1
372 144 1
372 147 2
372 148 2
372 150 2
372 151 2
372 156 2
372 159 2
372 161 1
372 162 2
372 168 1
372 173 1
372 174 1
372 176 1
372 182 1
372 183 1
372 185 2
372 186 2
372 192 1
372 195 1
372 197 1
372 200 2
372 202 1
372 204 2
372 210 1
372 216 1
372 218 2
372 222 1
372 223 2
372 225 2
372 226 1
372 228 1
372 229 2
372 230 2
372 231 2
372 233 1
372 234 2
372 235 3
372 237 3
372 240 3
372 247 4
372 248 1
372 252 2
372 254 3
372 257 1
372 265 1
372 279 2
372 280 2
372 282 2
372 284 2
372 289 1
372 291 2
372 292 2
372 310 1
372 318 1
372 322 3
372 323 3
372 356 1
372 363 2
372 369 3
372 385 1
372 403 2
372 405 2
372 412 3
372 423 1
372 424 3
372 427 1
372 449 2
372 450 3
372 454 2
372 458 2
372 463 2
372 465 2
372 466 1
372 467 2
372 468 2
372 475 1
372 476 2
372 483 1
372 521 1
372 527 1
372 540 2
372 544 2
372 550 1
372 552 2
372 554 2
372 558 4
372 566 1
372 568 1
372 572 3
372 576 2
372 581 1
372 591 2
372 619 2
372 620 2
372 628 1
372 637 3
372 642 2
372 651 2
372 665 3
372 685 1
372 692 1
372 717 2
372 735 2
372 741 2
372 742 2
372 743 3
372 756 2
372 761 1
372 762 2
372 770 1
372 789 2
372 815 2
372 819 3
372 820 2
372 824 2
372 844 4
372 845 1
372 846 2
372 872 2
372 880 2
372 924 1
372 928 2
372 930 3
372 931 4
372 932 3
372 934 3
372 952 2
372 963 2
372 974 3
372 975 1
372 977 3
372 978 3
372 979 2
372 983 2
372 986 3
373 5 4
373 44 2
373 176 2
373 233 3
373 288 3
373 302 3
373 356 2
373 443 2
373 573 3
373 583 2
373 603 2
373 761 2
373 773 5
373 939 2
374 11 3
374 98 2
374 154 2
374 181 2
374 197 2
374 198 2
374 223 2
374 269 2
374 274 3
374 275 2
374 288 3
374 301 2
374 328 2
374 427 2
374 603 2
374 663 2
374 707 3
375 56 3
375 98 3
375 154 3
375 164 3
375 168 3
375 173 3
375 219 4
375 234 3
375 268 3
375 272 3
375 313 3
375 316 2
375 323 4
375 338 4
375 354 4
375 358 4
375 443 3
375 682 4
375 748 4
376 1 2
376 2 3
376 4 2
376 5 3
376 7 2
376 8 2
376 9 2
376 10 2
376 11 2
376 12 2
376 13 3
376 14 2
376 15 3
376 21 3
376 22 1
376 28 2
376 29 4
376 31 2
376 40 4
376 42 2
376 43 3
376 48 1
376 49 3
376 50 2
376 52 3
376 54 3
376 58 3
376 59 2
376 62 2
376 63 3
376 65 2
376 66 2
376 68 3
376 70 3
376 73 3
376 77 3
376 79 2
376 86 3
376 87 2
376 88 3
376 89 2
376 91 2
376 94 3
376 95 2
376 99 2
376 100 2
376 106 3
376 110 4
376 111 3
376 117 2
376 121 2
376 123 3
376 125 3
376 126 3
376 132 2
376 135 2
376 141 2
376 143 2
376 144 3
376 148 3
376 151 3
376 153 2
376 155 4
376 157 2
376 159 3
376 161 3
376 162 2
376 167 3
376 172 2
376 173 2
376 174 2
376 175 2
376 176 3
376 179 2
376 180 2
376 181 2
376 182 1
376 186 2
376 191 1
376 194 2
376 195 2
376 196 2
376 197 2
376 200 2
376 202 2
376 207 2
376 210 2
376 213 3
376 215 3
376 217 3
376 218 2
376 222 2
376 223 1
376 226 2
376 227 3
376 230 3
376 231 3
376 233 3
376 234 2
376 235 3
376 237 2
376 239 2
376 241 3
376 245 4
376 248 3
376 252 3
376 254 5
376 255 3
376 257 3
376 258 2
376 269 2
376 272 2
376 273 2
376 274 3
376 275 1
376 276 2
376 277 3
376 280 2
376 281 3
376 282 3
376 283 2
376 284 2
376 285 1
376 286 3
376 288 3
376 289 2
376 294 3
376 295 4
376 298 3
376 300 2
376 301 2
376 302 3
376 317 2
376 318 2
376 319 1
376 321 3
376 326 2
376 328 3
376 356 2
376 365 4
376 380 2
376 381 2
376 382 3
376 385 3
376 386 3
376 387 3
376 392 3
376 393 2
376 396 2
376 401 3
376 403 3
376 404 2
376 405 4
376 409 3
376 410 3
376 411 4
376 417 3
376 418 3
376 419 2
376 420 2
376 423 2
376 432 2
376 433 2
376 435 1
376 447 3
376 449 3
376 451 3
376 458 3
376 465 2
376 468 3
376 469 2
376 471 2
376 476 4
376 479 2
376 482 2
376 485 3
376 496 2
376 500 2
376 501 2
376 508 3
376 509 1
376 517 1
376 527 2
376 528 2
376 542 3
376 546 3
376 549 2
376 554 4
376 559 3
376 566 3
376 568 2
376 572 4
376 575 4
376 576 3
376 582 2
376 591 2
376 596 3
376 597 3
376 606 2
376 619 3
376 620 3
376 623 3
376 629 2
376 631 2
376 632 3
376 635 4
376 636 3
376 651 2
376 655 2
376 663 2
376 665 4
376 674 3
376 684 2
376 686 1
376 692 3
376 693 2
376 694 1
376 696 2
376 699 2
376 702 4
376 703 3
376 707 2
376 708 3
376 709 2
376 715 4
376 716 2
376 720 3
376 722 3
376 723 4
376 724 3
376 729 3
376 731 3
376 732 2
376 734 3
376 739 3
376 742 3
376 747 2
376 755 3
376 756 3
376 762 1
376 768 3
376 775 2
376 778 2
376 780 4
376 787 3
376 792 2
376 793 3
376 796 3
376 806 2
376 807 5
376 845 3
376 866 4
376 875 3
376 896 1
376 918 3
376 921 3
376 924 5
376 926 5
376 928 3
376 930 4
376 939 2
376 942 2
376 951 3
376 959 2
376 961 2
376 969 3
376 972 3
376 977 4
376 979 3
377 4 4
377 8 3
377 9 3
377 23 3
377 50 3
377 52 3
377 54 4
377 56 3
377 62 4
377 63 4
377 64 3
377 69 3
377 79 3
377 82 4
377 83 4
377 88 3
377 89 3
377 90 4
377 93 4
377 96 3
377 98 3
377 100 3
377 116 3
377 124 3
377 127 3
377 131 4
377 133 3
377 135 3
377 137 3
377 141 4
377 152 4
377 153 3
377 157 3
377 158 4
377 161 4
377 163 3
377 168 3
377 172 3
377 173 3
377 174 3
377 176 3
377 177 3
377 178 3
377 179 3
377 183 3
377 186 3
377 187 3
377 188 4
377 191 3
377 192 3
377 193 3
377 194 3
377 195 3
377 196 3
377 199 3
377 200 4
377 202 3
377 203 3
377 204 4
377 205 4
377 208 3
377 210 3
377 211 3
377 216 3
377 219 4
377 227 4
377 230 4
377 233 4
377 238 3
377 239 3
377 251 3
377 257 4
377 270 3
377 284 4
377 285 3
377 294 4
377 300 3
377 306 3
377 310 3
377 331 4
377 339 4
377 357 3
377 372 4
377 381 3
377 383 5
377 385 3
377 391 4
377 393 3
377 395 4
377 398 5
377 402 4
377 405 4
377 414 3
377 417 4
377 419 4
377 427 3
377 428 3
377 434 3
377 436 3
377 443 3
377 447 3
377 448 4
377 451 4
377 452 4
377 461 3
377 480 3
377 502 3
377 511 3
377 514 3
377 516 3
377 517 4
377 520 3
377 522 3
377 523 3
377 527 3
377 528 3
377 529 3
377 530 3
377 554 4
377 559 5
377 563 5
377 566 3
377 568 3
377 575 5
377 576 4
377 603 3
377 616 4
377 622 4
377 631 4
377 636 4
377 637 5
377 644 3
377 649 3
377 651 3
377 654 3
377 655 3
377 659 3
377 674 4
377 684 3
377 686 3
377 701 4
377 704 4
377 705 3
377 710 4
377 712 4
377 729 4
377 732 3
377 735 3
377 746 3
377 842 5
377 855 3
378 1 2
378 9 2
378 12 2
378 22 2
378 28 2
378 31 2
378 38 3
378 58 2
378 59 2
378 60 3
378 61 2
378 62 3
378 69 2
378 71 2
378 81 2
378 95 2
378 98 2
378 100 2
378 109 3
378 114 2
378 118 3
378 121 2
378 132 2
378 134 2
378 135 2
378 139 3
378 152 3
378 154 2
378 161 3
378 163 2
378 168 2
378 170 2
378 172 2
378 176 2
378 177 2
378 181 2
378 182 2
378 183 2
378 185 2
378 186 2
378 190 2
378 194 2
378 197 2
378 204 2
378 208 2
378 213 3
378 215 3
378 217 3
378 222 2
378 228 2
378 229 3
378 238 2
378 241 3
378 258 2
378 265 2
378 270 2
378 286 2
378 300 3
378 313 2
378 315 2
378 340 3
378 356 3
378 357 2
378 382 2
378 414 3
378 416 2
378 419 3
378 423 3
378 425 3
378 427 2
378 428 2
378 433 2
378 435 2
378 443 2
378 449 3
378 462 2
378 463 2
378 465 3
378 474 2
378 479 2
378 483 2
378 496 3
378 502 2
378 506 2
378 512 2
378 515 2
378 518 2
378 521 3
378 527 2
378 530 2
378 554 3
378 561 3
378 566 2
378 573 3
378 587 2
378 614 2
378 630 1
378 631 3
378 651 2
378 654 2
378 663 3
378 664 3
378 665 3
378 670 2
378 684 2
378 699 3
378 708 3
378 709 3
378 712 3
378 729 3
378 732 3
378 736 2
378 744 2
378 750 2
378 751 3
378 753 3
378 770 3
378 856 2
378 923 2
378 956 4
378 959 2
379 1 2
379 13 3
379 14 2
379 15 3
379 16 2
379 20 2
379 30 2
379 49 3
379 50 2
379 59 2
379 77 2
379 83 2
379 89 2
379 94 2
379 97 3
379 99 2
379 100 2
379 102 3
379 129 2
379 132 2
379 133 2
379 134 2
379 135 2
379 139 3
379 150 2
379 151 3
379 175 2
379 178 2
379 191 2
379 212 3
379 214 3
379 216 2
379 217 3
379 228 2
379 259 4
379 276 2
379 281 3
379 283 2
379 294 3
379 303 3
379 304 3
379 318 2
379 344 3
379 378 2
379 403 2
379 418 2
379 432 3
379 443 2
379 462 2
379 473 3
379 479 2
379 485 2
379 487 2
379 493 1
379 495 3
379 498 2
379 501 2
379 509 2
379 512 2
379 514 2
379 526 3
379 529 2
379 566 2
379 582 2
379 607 3
379 631 2
379 634 2
379 640 2
379 647 2
379 652 2
379 656 2
379 657 2
379 660 2
379 673 2
379 682 4
379 693 3
379 694 2
379 705 2
379 724 2
379 742 2
379 771 4
379 778 2
379 847 2
379 887 2
379 898 5
379 914 4
379 934 3
379 995 3
380 7 2
380 9 2
380 25 3
380 56 2
380 100 2
380 122 4
380 127 1
380 134 2
380 135 2
380 137 2
380 171 2
380 180 2
380 183 2
380 197 2
380 258 2
380 276 3
380 290 3
380 332 2
380 334 5
380 357 2
380 474 2
380 475 3
380 482 2
380 504 2
380 507 3
380 511 2
380 546 3
380 717 3
381 9 3
381 14 2
381 19 3
381 58 3
381 81 3
381 86 3
381 89 3
381 100 2
381 132 3
381 134 3
381 137 3
381 182 3
381 193 3
381 197 3
381 203 3
381 205 4
381 223 3
381 237 3
381 238 3
381 268 3
381 272 3
381 285 3
381 302 3
381 313 3
381 315 1
381 319 3
381 357 3
381 425 3
381 427 3
381 435 3
381 464 2
381 474 3
381 475 3
381 478 3
381 479 3
381 480 3
381 483 3
381 484 3
381 504 3
381 505 3
381 513 3
381 639 4
381 641 3
381 654 3
381 657 3
381 663 4
382 289 4
382 302 3
382 313 3
382 316 3
382 327 4
382 329 3
382 333 3
382 343 4
382 748 5
383 4 2
383 8 1
383 12 1
383 18 3
383 24 2
383 29 2
383 32 1
383 37 4
383 46 1
383 47 1
383 48 2
383 50 1
383 53 2
383 56 1
383 58 2
383 59 1
383 61 2
383 79 1
383 81 1
383 82 1
383 87 1
383 89 1
383 93 1
383 98 2
383 99 1
383 111 2
383 114 1
383 122 3
383 127 2
383 128 3
383 129 1
383 131 1
383 133 1
383 134 1
383 136 1
383 143 1
383 144 1
383 145 3
383 151 2
383 152 1
383 153 1
383 156 1
383 160 1
383 168 1
383 169 2
383 171 1
383 172 1
383 173 1
383 174 1
383 175 2
383 177 1
383 180 1
383 181 1
383 183 1
383 185 2
383 186 1
383 187 1
383 189 1
383 191 1
383 192 1
383 194 1
383 195 1
383 199 1
383 200 1
383 207 2
383 208 1
383 209 1
383 211 1
383 216 1
383 217 2
383 218 1
383 219 1
383 221 2
383 224 2
383 235 3
383 236 2
383 238 1
383 249 1
383 250 2
383 253 2
383 254 3
383 256 2
383 257 2
383 262 1
383 273 2
383 276 1
383 283 2
383 285 1
383 286 2
383 290 2
383 293 1
383 304 1
383 305 2
383 318 1
383 320 2
383 325 2
383 337 2
383 340 3
383 346 1
383 347 1
383 367 1
383 383 3
383 384 1
383 385 2
383 403 2
383 405 3
383 408 2
383 417 2
383 419 1
383 423 1
383 425 1
383 427 1
383 428 2
383 429 1
383 430 1
383 433 2
383 435 1
383 443 1
383 444 2
383 447 1
383 451 2
383 455 2
383 458 1
383 461 1
383 462 1
383 473 2
383 474 1
383 479 1
383 480 2
383 483 1
383 484 2
383 485 1
383 486 2
383 487 1
383 489 1
383 492 1
383 496 1
383 502 1
383 503 2
383 506 2
383 508 1
383 511 2
383 512 2
383 521 2
383 523 2
383 524 1
383 525 2
383 529 1
383 557 1
383 603 1
383 604 1
383 606 1
383 616 1
383 629 1
383 631 1
383 650 1
383 652 1
383 653 2
383 654 1
383 657 2
383 658 2
383 659 1
383 661 1
383 664 2
383 673 1
383 674 1
383 675 2
383 705 1
383 719 2
383 727 2
383 732 1
383 739 2
383 745 1
383 794 2
383 811 1
383 851 2
383 855 1
383 865 2
383 871 2
383 896 3
383 900 1
383 919 2
383 922 2
383 940 3
383 942 1
383 945 1
383 959 1
383 961 1
383 965 1
384 24 3
384 273 2
384 281 3
384 323 3
384 405 2
384 455 3
384 515 2
384 546 3
384 597 3
384 825 3
385 2 3
385 4 2
385 7 3
385 8 3
385 10 2
385 11 2
385 13 3
385 20 3
385 22 1
385 23 2
385 24 5
385 27 3
385 31 3
385 32 2
385 33 2
385 39 3
385 46 3
385 47 3
385 48 2
385 50 2
385 52 2
385 55 2
385 56 3
385 58 2
385 61 3
385 62 3
385 64 2
385 68 3
385 69 2
385 71 2
385 76 3
385 79 2
385 81 2
385 82 3
385 83 2
385 89 2
385 91 4
385 92 3
385 93 2
385 96 2
385 97 2
385 98 2
385 99 2
385 101 3
385 102 3
385 107 3
385 113 1
385 114 2
385 116 1
385 117 2
385 121 2
385 123 3
385 127 1
385 129 3
385 133 2
385 135 2
385 136 2
385 144 2
385 147 2
385 151 3
385 156 2
385 161 3
385 168 2
385 169 2
385 176 2
385 180 2
385 181 1
385 183 2
385 184 3
385 186 2
385 187 2
385 189 2
385 190 2
385 192 2
385 193 2
385 194 2
385 195 1
385 196 2
385 197 2
385 198 3
385 199 2
385 200 3
385 201 4
385 202 3
385 203 4
385 205 3
385 206 3
385 208 2
385 209 3
385 211 2
385 215 2
385 217 3
385 218 2
385 219 4
385 222 2
385 223 1
385 224 2
385 226 3
385 227 3
385 228 3
385 229 2
385 230 3
385 231 4
385 238 1
385 246 2
385 248 3
385 250 5
385 258 3
385 265 2
385 268 1
385 273 2
385 277 4
385 288 3
385 289 3
385 293 3
385 294 3
385 295 3
385 298 5
385 317 2
385 318 2
385 319 1
385 320 5
385 321 3
385 325 4
385 333 4
385 357 2
385 380 3
385 381 2
385 385 3
385 393 3
385 403 3
385 410 4
385 414 2
385 418 3
385 423 2
385 428 2
385 429 2
385 430 2
385 431 3
385 432 2
385 434 2
385 435 2
385 436 4
385 441 5
385 444 2
385 446 3
385 447 3
385 448 4
385 455 2
385 458 3
385 461 3
385 463 2
385 470 4
385 473 3
385 474 2
385 475 1
385 477 3
385 488 3
385 496 1
385 501 3
385 508 2
385 511 2
385 514 2
385 520 1
385 526 2
385 528 2
385 532 3
385 547 5
385 549 3
385 558 4
385 559 4
385 561 4
385 564 5
385 566 3
385 569 3
385 578 3
385 580 2
385 582 2
385 583 3
385 593 2
385 603 2
385 619 3
385 625 3
385 642 3
385 650 3
385 651 2
385 659 2
385 672 5
385 674 4
385 678 5
385 679 2
385 684 2
385 692 3
385 693 2
385 697 3
385 732 3
385 735 3
385 737 2
385 742 3
385 744 3
385 746 3
385 768 2
385 769 3
385 772 5
385 773 5
385 774 3
385 789 1
385 790 3
385 806 1
385 844 5
385 845 3
385 854 5
385 919 2
385 943 3
385 952 4
385 969 2
385 972 3
385 984 4
386 1 3
386 5 3
386 56 3
386 100 3
386 111 3
386 147 4
386 184 4
386 237 4
386 259 5
386 300 3
386 301 4
386 302 3
386 307 4
386 310 3
386 313 3
386 315 3
386 323 4
386 326 3
386 333 4
386 508 3
386 569 5
386 596 4
386 628 3
386 678 4
386 680 4
386 682 3
386 690 3
386 742 3
386 769 4
386 816 4
386 845 3
386 871 5
387 4 3
387 8 2
387 23 2
387 25 3
387 28 2
387 29 4
387 38 3
387 40 3
387 42 3
387 47 3
387 50 2
387 53 3
387 56 2
387 59 2
387 64 2
387 65 3
387 71 2
387 72 3
387 77 3
387 79 2
387 80 4
387 81 3
387 82 2
387 88 2
387 90 3
387 94 3
387 95 2
387 98 2
387 99 2
387 100 2
387 105 3
387 109 3
387 111 2
387 118 2
387 124 2
387 127 1
387 131 3
387 132 2
387 136 2
387 142 3
387 151 3
387 152 3
387 153 2
387 154 2
387 159 2
387 160 3
387 167 3
387 168 2
387 172 2
387 173 2
387 174 2
387 176 2
387 178 2
387 179 2
387 181 2
387 185 2
387 186 2
387 191 2
387 194 2
387 197 2
387 202 2
387 204 2
387 205 3
387 208 2
387 210 2
387 211 2
387 216 2
387 217 3
387 234 2
387 238 2
387 249 3
387 275 2
387 283 2
387 285 1
387 300 4
387 301 3
387 378 2
387 383 5
387 384 4
387 393 3
387 395 3
387 396 3
387 401 3
387 402 3
387 404 2
387 407 5
387 410 3
387 411 3
387 414 2
387 416 2
387 420 2
387 423 2
387 427 2
387 428 2
387 429 2
387 435 2
387 451 3
387 454 2
387 467 2
387 471 2
387 474 2
387 475 1
387 477 3
387 478 2
387 479 2
387 480 2
387 481 3
387 483 2
387 484 2
387 490 2
387 491 2
387 492 2
387 493 1
387 496 2
387 497 2
387 498 2
387 499 2
387 501 3
387 503 3
387 504 2
387 506 2
387 507 2
387 509 2
387 510 2
387 514 2
387 517 3
387 518 2
387 519 2
387 520 1
387 525 2
387 526 2
387 527 2
387 531 2
387 550 3
387 558 5
387 568 2
387 583 3
387 584 3
387 588 2
387 591 2
387 602 2
387 604 2
387 605 3
387 607 3
387 610 3
387 612 3
387 613 1
387 616 2
387 630 3
387 631 3
387 642 3
387 649 3
387 656 1
387 657 2
387 661 2
387 662 3
387 674 3
387 693 3
387 699 2
387 700 4
387 705 2
387 712 3
387 715 2
387 731 3
387 732 3
387 736 2
387 739 3
387 756 3
387 785 3
387 792 2
387 820 4
387 824 3
387 835 2
387 836 3
387 845 3
387 847 2
387 923 2
387 926 4
387 942 2
387 945 2
387 954 3
387 955 2
387 965 2
387 997 3
388 9 3
388 100 3
388 126 3
388 283 3
388 289 4
388 302 3
388 319 4
388 328 3
388 329 4
388 331 4
388 515 2
388 713 4
388 742 3
388 845 3
388 989 4
388 990 4
389 8 3
389 9 3
389 12 3
389 15 4
389 26 3
389 47 4
389 48 3
389 56 4
389 58 4
389 59 3
389 60 3
389 61 3
389 64 3
389 69 3
389 71 3
389 76 3
389 89 3
389 97 4
389 100 3
389 132 3
389 134 3
389 148 4
389 168 3
389 173 3
389 182 3
389 188 3
389 191 3
389 195 3
389 197 3
389 200 3
389 203 3
389 204 3
389 205 4
389 213 3
389 215 3
389 222 4
389 234 3
389 237 4
389 258 3
389 264 5
389 276 3
389 282 3
389 286 4
389 288 4
389 294 4
389 300 3
389 318 3
389 328 4
389 334 4
389 357 3
389 421 3
389 458 4
389 460 5
389 462 3
389 471 3
389 474 3
389 479 3
389 480 3
389 482 3
389 483 3
389 490 3
389 491 3
389 497 4
389 498 3
389 504 3
389 508 3
389 510 3
389 527 3
389 530 3
389 544 4
389 546 4
389 603 3
389 604 4
389 628 3
389 659 4
389 661 3
389 678 5
389 748 4
389 772 4
389 774 5
389 924 3
389 963 3
390 8 3
390 23 3
390 50 2
390 58 3
390 59 2
390 98 2
390 99 3
390 129 2
390 134 3
390 165 3
390 166 1
390 169 2
390 170 2
390 172 2
390 173 1
390 178 2
390 179 3
390 180 2
390 181 1
390 189 2
390 191 2
390 197 2
390 199 3
390 200 3
390 209 3
390 244 3
390 246 1
390 248 2
390 249 3
390 250 4
390 255 4
390 257 3
390 258 2
390 268 1
390 270 3
390 271 4
390 272 2
390 276 2
390 286 3
390 288 3
390 289 2
390 293 3
390 294 3
390 297 3
390 298 5
390 300 4
390 302 3
390 303 3
390 304 4
390 312 2
390 313 2
390 319 1
390 323 4
390 324 3
390 325 3
390 333 4
390 344 3
390 345 3
390 463 2
390 482 3
390 488 3
390 491 2
390 492 4
390 493 3
390 511 3
390 515 3
390 534 3
390 538 3
390 615 2
390 632 3
390 650 3
390 663 2
390 705 2
390 813 3
390 847 2
390 872 3
390 873 3
390 880 3
391 2 3
391 3 4
391 4 2
391 5 3
391 7 3
391 11 2
391 12 1
391 15 3
391 17 4
391 21 4
391 22 2
391 24 4
391 25 3
391 26 3
391 27 3
391 28 2
391 29 3
391 31 3
391 36 4
391 38 3
391 40 3
391 41 4
391 42 2
391 48 2
391 49 3
391 50 2
391 51 3
391 54 3
391 55 2
391 56 2
391 58 2
391 62 2
391 64 1
391 65 3
391 67 3
391 68 3
391 69 2
391 70 3
391 71 2
391 72 3
391 78 4
391 79 2
391 81 2
391 83 2
391 85 3
391 86 2
391 87 2
391 88 2
391 89 2
391 90 3
391 94 2
391 95 2
391 99 2
391 100 2
391 105 4
391 108 2
391 109 3
391 110 4
391 111 3
391 117 2
391 118 3
391 122 4
391 123 3
391 126 3
391 128 4
391 132 2
391 135 2
391 136 2
391 138 5
391 139 3
391 142 3
391 144 2
391 147 3
391 148 3
391 153 2
391 154 2
391 161 3
391 168 2
391 169 3
391 172 2
391 173 2
391 181 2
391 184 2
391 186 2
391 189 2
391 191 2
391 194 1
391 196 2
391 202 2
391 203 2
391 204 1
391 206 2
391 215 2
391 222 2
391 227 3
391 228 2
391 233 3
391 239 2
391 240 5
391 241 2
391 243 4
391 245 3
391 252 3
391 255 3
391 257 4
391 258 2
391 265 2
391 270 2
391 271 4
391 273 3
391 274 3
391 275 1
391 278 3
391 280 3
391 281 3
391 283 2
391 290 2
391 291 3
391 294 3
391 298 5
391 303 2
391 313 2
391 316 1
391 317 2
391 318 3
391 321 3
391 323 3
391 328 3
391 333 4
391 338 4
391 342 2
391 344 4
391 347 1
391 349 5
391 354 3
391 355 3
391 356 3
391 357 2
391 362 3
391 363 3
391 364 3
391 365 3
391 366 3
391 369 4
391 373 3
391 374 3
391 376 3
391 377 5
391 378 1
391 380 4
391 385 2
391 386 3
391 391 3
391 393 2
391 394 4
391 396 3
391 402 2
391 403 3
391 404 3
391 409 3
391 410 3
391 412 4
391 415 3
391 417 3
391 418 3
391 419 3
391 420 2
391 421 3
391 431 2
391 443 2
391 456 5
391 459 3
391 463 2
391 465 3
391 470 3
391 471 3
391 472 2
391 473 3
391 476 3
391 477 3
391 480 2
391 494 2
391 496 1
391 497 3
391 501 3
391 527 2
391 538 5
391 539 4
391 540 4
391 544 3
391 546 3
391 550 2
391 552 2
391 553 3
391 554 3
391 559 3
391 561 4
391 566 2
391 568 2
391 569 3
391 571 3
391 576 3
391 578 3
391 588 2
391 591 2
391 596 3
391 597 3
391 620 2
391 622 2
391 623 4
391 628 3
391 630 2
391 633 2
391 636 3
391 644 1
391 651 2
391 655 2
391 659 2
391 672 4
391 681 5
391 683 3
391 685 2
391 686 2
391 687 4
391 690 3
391 692 3
391 696 2
391 705 3
391 710 3
391 715 3
391 717 4
391 721 3
391 722 3
391 725 3
391 728 3
391 731 2
391 737 2
391 739 2
391 742 3
391 747 2
391 751 2
391 755 3
391 756 4
391 763 3
391 771 4
391 775 3
391 778 2
391 779 3
391 780 3
391 781 2
391 783 3
391 789 2
391 792 1
391 794 3
391 797 2
391 802 3
391 805 2
391 808 4
391 810 3
391 812 4
391 815 3
391 821 3
391 824 3
391 825 2
391 826 3
391 831 3
391 836 4
391 840 3
391 841 3
391 842 3
391 843 1
391 845 2
391 870 3
391 871 4
391 876 4
391 879 3
391 890 5
391 905 2
391 922 3
391 924 3
391 926 2
391 929 3
391 930 3
391 932 3
391 939 3
391 940 4
391 944 2
391 949 3
391 951 3
391 953 3
391 964 3
391 977 4
391 996 3
391 997 3
391 999 2
391 1000 3
392 1 2
392 4 3
392 7 3
392 22 1
392 28 2
392 31 2
392 38 3
392 42 2
392 50 2
392 56 2
392 67 3
392 68 3
392 72 3
392 73 2
392 79 2
392 84 3
392 88 2
392 96 3
392 97 2
392 98 2
392 101 3
392 109 3
392 117 3
392 121 2
392 128 3
392 132 2
392 144 3
392 154 1
392 156 3
392 158 3
392 161 3
392 164 3
392 172 1
392 174 2
392 179 3
392 181 1
392 184 3
392 186 2
392 195 2
392 208 1
392 210 2
392 216 1
392 217 3
392 218 3
392 226 2
392 227 3
392 228 2
392 229 3
392 230 3
392 232 3
392 233 3
392 238 2
392 250 2
392 257 4
392 265 2
392 288 3
392 313 2
392 364 3
392 383 4
392 385 3
392 386 3
392 402 2
392 411 3
392 416 4
392 423 2
392 433 2
392 449 3
392 450 4
392 455 3
392 496 2
392 508 2
392 541 4
392 550 3
392 552 1
392 559 3
392 561 4
392 568 2
392 576 3
392 597 3
392 655 2
392 658 2
392 665 3
392 679 3
392 739 3
392 746 2
392 763 3
392 771 3
392 773 5
392 780 3
392 797 3
392 802 3
393 1 3
393 15 4
393 50 2
393 64 3
393 89 3
393 97 4
393 98 3
393 100 3
393 121 4
393 151 3
393 154 3
393 174 3
393 186 3
393 216 3
393 231 4
393 237 3
393 240 4
393 252 4
393 255 3
393 257 3
393 313 3
393 315 3
393 328 3
393 342 4
393 378 3
393 423 3
393 458 4
393 472 4
393 596 4
393 739 4
393 892 4
393 924 4
394 1 3
394 9 2
394 25 2
394 100 2
394 106 3
394 117 2
394 121 2
394 125 2
394 148 3
394 237 3
394 245 3
394 260 4
394 274 2
394 282 2
394 288 3
394 300 2
394 322 3
394 333 3
394 471 2
394 591 2
394 597 3
394 678 4
394 717 3
394 742 2
394 751 3
394 829 3
394 840 3
394 841 3
394 871 3
394 977 4
394 986 3
395 7 2
395 22 2
395 23 2
395 50 2
395 56 2
395 95 2
395 100 2
395 108 3
395 117 3
395 127 2
395 134 3
395 135 2
395 171 2
395 172 2
395 174 2
395 177 2
395 178 2
395 183 2
395 192 2
395 194 2
395 195 2
395 197 2
395 199 2
395 210 2
395 221 4
395 261 3
395 268 2
395 273 3
395 286 2
395 288 2
395 302 2
395 313 2
395 318 2
395 322 4
395 324 2
395 325 2
395 332 3
395 334 1
395 338 4
395 340 3
395 345 2
395 390 1
395 423 2
395 435 2
395 457 3
395 475 2
395 483 2
395 498 2
395 504 2
395 513 2
395 588 2
395 611 2
395 615 2
395 641 2
395 657 2
395 680 2
395 705 2
395 748 3
395 751 3
395 853 3
395 855 2
395 878 3
395 894 3
395 988 3
395 989 3
395 991 4
396 2 4
396 4 4
396 12 3
396 13 4
396 15 3
396 25 4
396 28 3
396 31 3
396 47 4
396 49 4
396 50 3
396 56 3
396 63 4
396 64 3
396 65 4
396 66 4
396 69 4
396 70 3
396 72 4
396 73 4
396 82 4
396 85 4
396 87 3
396 94 4
396 95 3
396 117 3
396 124 2
396 125 3
396 126 3
396 127 2
396 132 3
396 134 3
396 144 3
396 152 4
396 154 3
396 158 4
396 159 3
396 163 4
396 167 3
396 168 3
396 172 3
396 174 3
396 176 3
396 178 3
396 181 3
396 182 3
396 183 3
396 186 3
396 191 3
396 194 3
396 196 3
396 197 3
396 199 3
396 202 3
396 203 3
396 204 3
396 211 3
396 216 3
396 228 3
396 229 4
396 230 4
396 234 4
396 235 5
396 239 3
396 274 3
396 276 3
396 284 4
396 357 3
396 385 4
396 393 4
396 399 3
396 403 4
396 414 3
396 417 4
396 423 3
396 429 3
396 430 3
396 432 4
396 435 3
396 474 3
396 476 5
396 479 3
396 480 3
396 481 4
396 485 4
396 491 3
396 493 2
396 494 3
396 496 3
396 497 3
396 498 3
396 501 4
396 502 3
396 504 3
396 510 3
396 514 3
396 519 3
396 520 2
396 521 4
396 523 3
396 525 3
396 588 3
396 589 3
396 591 3
396 602 3
396 654 3
396 659 4
396 661 3
396 663 3
396 700 5
396 710 5
396 715 3
396 732 3
396 735 3
396 737 3
396 756 4
396 796 4
396 953 4
396 969 3
396 991 5
396 993 3
397 2 2
397 5 2
397 8 1
397 9 1
397 12 1
397 15 2
397 22 2
397 26 2
397 33 1
397 38 2
397 41 3
397 42 2
397 43 2
397 48 2
397 50 1
397 53 2
397 55 1
397 56 1
397 57 1
397 58 2
397 62 2
397 63 2
397 64 1
397 66 1
397 67 2
397 68 2
397 69 1
397 71 1
397 72 1
397 73 2
397 77 1
397 79 1
397 80 3
397 84 1
397 91 2
397 93 2
397 94 1
397 95 1
397 97 2
397 98 1
397 99 1
397 102 2
397 110 3
397 114 1
397 117 1
397 118 2
397 121 1
397 127 1
397 128 2
397 132 1
397 140 2
397 143 2
397 144 1
397 147 2
397 148 2
397 153 2
397 155 2
397 156 1
397 157 1
397 161 2
397 164 1
397 168 1
397 172 1
397 174 2
397 175 1
397 179 1
397 180 1
397 181 2
397 186 1
397 187 1
397 188 1
397 195 1
397 196 1
397 203 1
397 204 2
397 210 1
397 214 2
397 215 1
397 219 2
397 223 1
397 227 2
397 228 1
397 229 2
397 230 2
397 231 3
397 233 2
397 234 1
397 237 2
397 238 1
397 239 1
397 241 2
397 264 2
397 265 1
397 268 1
397 273 1
397 274 2
397 276 2
397 282 1
397 284 2
397 288 2
397 289 2
397 291 2
397 295 2
397 301 1
397 307 2
397 318 1
397 323 2
397 332 1
397 338 1
397 340 2
397 364 3
397 372 1
397 378 1
397 380 2
397 382 1
397 383 4
397 384 3
397 385 1
397 386 3
397 388 2
397 389 2
397 395 3
397 399 1
397 400 2
397 401 3
397 402 1
397 403 1
397 405 3
397 407 4
397 412 3
397 413 3
397 418 2
397 420 1
397 423 1
397 431 1
397 432 1
397 436 1
397 444 2
397 450 3
397 451 2
397 452 2
397 454 3
397 455 2
397 459 2
397 470 2
397 471 1
397 475 1
397 486 1
397 496 1
397 501 2
397 506 1
397 508 1
397 527 1
397 531 1
397 543 2
397 544 2
397 546 2
397 549 1
397 550 1
397 554 2
397 559 2
397 564 3
397 566 1
397 568 1
397 575 3
397 576 2
397 578 1
397 582 2
397 588 1
397 591 1
397 597 2
397 616 1
397 622 2
397 628 2
397 633 1
397 651 1
397 655 1
397 660 1
397 679 1
397 684 2
397 693 2
397 697 2
397 710 2
397 720 2
397 722 2
397 727 1
397 732 2
397 735 1
397 738 2
397 742 2
397 744 2
397 746 1
397 747 1
397 754 3
397 755 1
397 760 3
397 763 2
397 768 3
397 772 2
397 774 2
397 779 2
397 781 2
397 806 2
397 809 2
397 813 1
397 817 2
397 824 2
397 825 1
397 826 4
397 845 1
397 924 3
397 926 1
397 928 2
397 941 4
397 946 2
397 959 1
397 969 1
397 975 2
397 977 2
397 986 3
398 258 2
398 259 4
398 288 3
398 294 3
398 304 2
398 307 3
398 321 3
398 323 4
398 689 3
399 1 1
399 9 1
399 11 1
399 13 2
399 14 1
399 26 1
399 44 1
399 50 1
399 64 2
399 65 1
399 70 2
399 71 1
399 83 1
399 97 1
399 100 1
399 111 1
399 117 1
399 121 1
399 127 1
399 133 1
399 135 1
399 143 1
399 144 1
399 147 1
399 151 2
399 153 1
399 154 1
399 157 1
399 161 2
399 162 1
399 168 1
399 172 1
399 173 2
399 174 2
399 181 2
399 194 1
399 196 1
399 197 1
399 198 1
399 199 1
399 202 1
399 204 1
399 210 1
399 225 2
399 235 2
399 237 1
399 248 2
399 257 1
399 272 1
399 273 1
399 275 1
399 276 1
399 280 2
399 282 1
399 294 2
399 302 1
399 312 2
399 315 2
399 316 2
399 318 1
399 321 2
399 322 2
399 328 1
399 357 1
399 365 2
399 371 2
399 385 1
399 404 1
399 430 1
399 435 1
399 451 1
399 462 2
399 471 1
399 478 1
399 481 2
399 484 1
399 485 1
399 486 1
399 493 1
399 499 1
399 501 2
399 507 1
399 508 1
399 509 1
399 511 2
399 515 1
399 519 1
399 520 1
399 527 1
399 528 1
399 535 1
399 553 2
399 566 1
399 582 1
399 603 1
399 604 2
399 609 2
399 630 1
399 632 1
399 638 1
399 651 1
399 654 1
399 655 1
399 659 1
399 661 1
399 684 1
399 707 2
399 724 1
399 735 1
399 748 3
399 762 2
399 815 2
399 866 1
399 892 2
400 1 3
400 9 3
400 10 3
400 13 4
400 16 4
400 19 3
400 25 4
400 42 3
400 48 3
400 50 3
400 96 3
400 111 4
400 116 3
400 117 4
400 124 3
400 126 3
400 127 3
400 135 3
400 151 4
400 182 3
400 204 4
400 222 4
400 234 3
400 237 4
400 245 4
400 255 4
400 273 3
400 276 3
400 286 3
400 455 4
400 471 3
400 475 3
400 476 4
400 480 3
400 483 3
400 511 3
400 529 4
400 591 3
400 628 3
400 696 3
400 764 4
