201 1 4
201 111 5
201 283 5
201 291 5
201 305 5
201 361 4
201 475 5
201 740 5
202 259 2
202 288 2
202 294 3
202 682 5
202 876 3
202 880 5
202 887 4
202 895 3
202 948 5
203 7 4
203 9 4
203 111 4
203 118 3
203 121 4
203 123 4
203 127 5
203 129 5
203 148 3
203 181 4
203 222 4
203 235 4
203 240 4
203 258 4
203 274 4
203 276 3
203 284 3
203 291 4
203 370 2
203 410 3
203 471 4
203 472 3
203 477 3
203 515 4
203 546 3
203 597 3
203 748 3
203 845 4
203 864 3
203 866 3
203 925 3
203 928 3
204 22 4
204 66 4
204 243 3
204 245 3
204 258 4
204 259 2
204 269 4
204 270 4
204 289 3
204 294 3
204 300 4
204 302 4
204 307 4
204 310 2
204 313 4
204 323 3
204 327 3
204 328 3
204 332 4
204 333 4
204 342 3
204 343 5
204 348 4
204 689 2
204 690 3
204 748 3
204 754 2
204 879 3
204 892 2
204 901 2
205 2 3
205 5 3
205 8 3
205 11 3
205 12 5
205 22 4
205 23 4
205 28 3
205 29 3
205 30 3
205 31 3
205 32 4
205 33 4
205 37 2
205 38 3
205 39 4
205 41 2
205 42 4
205 43 3
205 45 5
205 47 4
205 48 4
205 49 3
205 50 4
205 51 4
205 52 4
205 53 3
205 55 4
205 56 4
205 57 5
205 58 4
205 60 5
205 61 4
205 62 3
205 63 2
205 64 5
205 66 4
205 67 3
205 68 3
205 70 3
205 71 4
205 72 3
205 73 3
205 75 4
205 76 4
205 77 3
205 78 2
205 80 3
205 81 4
205 82 4
205 83 4
205 85 3
205 87 4
205 88 3
205 90 3
205 91 4
205 92 3
205 94 3
205 96 4
205 97 3
205 98 4
205 101 2
205 102 2
205 127 5
205 132 4
205 135 4
205 139 3
205 141 3
205 142 2
205 143 2
205 149 3
205 161 3
205 168 5
205 169 4
205 171 5
205 172 4
205 173 4
205 175 5
205 178 5
205 179 4
205 180 4
205 183 4
205 184 4
205 185 4
205 186 4
205 188 3
205 189 3
205 190 5
205 192 4
205 193 4
205 195 5
205 197 5
205 198 5
205 199 4
205 200 3
205 201 3
205 202 4
205 204 4
205 206 4
205 207 5
205 208 5
205 210 4
205 211 4
205 212 4
205 214 3
205 215 3
205 216 4
205 217 4
205 218 3
205 219 2
205 226 3
205 227 3
205 228 4
205 229 3
205 230 4
205 231 3
205 232 3
205 233 2
205 234 4
205 239 4
205 265 4
205 288 3
205 302 4
205 308 3
205 317 3
205 318 4
205 347 4
205 350 3
205 351 3
205 356 3
205 361 3
205 364 3
205 365 3
205 366 4
205 367 2
205 371 3
205 374 3
205 376 3
205 377 1
205 379 3
205 383 1
205 384 3
205 386 4
205 387 3
205 388 1
205 391 2
205 393 3
205 395 2
205 396 4
205 397 3
205 399 4
205 400 3
205 402 3
205 403 4
205 404 4
205 414 4
205 415 3
205 416 3
205 417 3
205 419 4
205 420 5
205 421 4
205 422 2
205 423 3
205 426 4
205 427 4
205 430 5
205 431 4
205 432 4
205 433 5
205 434 3
205 437 3
205 438 3
205 439 3
205 440 3
205 441 4
205 442 3
205 444 3
205 446 3
205 447 3
205 448 3
205 449 3
205 450 2
205 451 3
205 452 2
205 453 1
205 461 4
205 462 4
205 463 4
205 464 4
205 465 2
205 467 4
205 469 5
205 470 3
205 480 4
205 482 4
205 501 3
205 504 3
205 509 3
205 510 4
205 511 4
205 514 4
205 515 4
205 516 4
205 517 4
205 518 4
205 519 5
205 520 4
205 521 5
205 522 4
205 523 4
205 524 3
205 525 5
205 526 3
205 527 4
205 528 4
205 529 3
205 530 4
205 536 4
205 537 3
205 540 2
205 541 4
205 543 2
205 545 3
205 548 3
205 549 4
205 551 2
205 552 3
205 553 4
205 554 2
205 555 3
205 556 3
205 557 4
205 558 3
205 559 3
205 560 2
205 561 3
205 562 4
205 563 3
205 564 1
205 565 3
205 566 4
205 567 3
205 568 4
205 569 3
205 570 3
205 573 1
205 574 3
205 575 2
205 577 3
205 578 4
205 579 3
205 580 3
205 581 4
205 583 4
205 584 4
205 585 3
205 586 2
205 588 4
205 592 3
205 593 4
205 606 3
205 622 3
205 623 3
205 624 3
205 625 4
205 626 3
205 627 3
205 639 3
205 642 3
205 643 3
205 644 3
205 645 3
205 647 4
205 648 4
205 649 4
205 650 4
205 651 4
205 652 4
205 653 3
205 654 3
205 655 4
205 656 3
205 659 4
205 661 4
205 662 4
205 664 4
205 666 3
205 667 3
205 669 3
205 670 3
205 671 3
205 673 4
205 674 4
205 675 3
205 679 4
205 684 3
205 692 3
205 694 4
205 695 4
205 697 4
205 699 4
205 700 3
205 702 3
205 707 3
205 708 3
205 710 3
205 712 3
205 714 3
205 715 3
205 716 4
205 719 3
205 720 3
205 721 3
205 722 3
205 723 3
205 726 3
205 727 3
205 728 3
205 729 4
205 731 3
205 732 4
205 734 3
205 736 4
205 739 3
205 745 4
205 746 3
205 747 4
205 753 4
205 755 3
205 759 3
205 761 3
205 765 3
205 768 2
205 769 4
205 770 4
205 771 1
205 772 3
205 773 3
205 774 2
205 775 3
205 776 3
205 777 3
205 778 3
205 779 3
205 780 2
205 782 3
205 783 3
205 784 3
205 785 3
205 786 3
205 787 2
205 788 3
205 789 5
205 790 3
205 791 2
205 793 3
205 794 3
205 795 3
205 796 3
205 798 4
205 802 2
205 807 3
205 808 3
205 810 4
205 812 3
205 816 3
205 842 3
205 843 3
205 849 3
205 851 3
205 853 3
205 854 3
205 855 3
205 858 3
205 859 3
205 860 3
205 861 3
205 904 3
205 921 2
205 939 4
205 941 3
205 943 3
205 944 3
205 946 3
205 947 4
205 949 3
205 951 3
205 953 5
205 955 4
205 956 4
205 957 3
205 959 3
205 960 2
205 964 3
205 969 3
205 971 3
205 994 3
205 996 1
205 997 2
205 999 4
206 1 4
206 3 4
206 4 4
206 5 4
206 7 4
206 8 4
206 10 4
206 11 4
206 12 4
206 13 4
206 14 4
206 15 4
206 20 4
206 22 4
206 24 4
206 25 4
206 28 4
206 32 4
206 39 4
206 40 4
206 42 4
206 47 4
206 48 4
206 50 4
206 52 4
206 53 4
206 58 4
206 63 4
206 64 4
206 69 4
206 71 4
206 72 4
206 79 4
206 85 4
206 86 4
206 87 4
206 89 4
206 92 4
206 93 4
206 96 4
206 99 4
206 115 4
206 117 4
206 121 4
206 123 4
206 125 4
206 127 4
206 129 4
206 131 4
206 132 4
206 133 4
206 134 4
206 135 4
206 136 4
206 143 4
206 148 4
206 151 4
206 152 4
206 153 4
206 156 4
206 158 4
206 164 4
206 168 4
206 170 4
206 172 4
206 173 4
206 174 4
206 175 4
206 179 4
206 181 4
206 182 4
206 183 4
206 186 4
206 187 4
206 188 4
206 190 4
206 191 4
206 194 4
206 195 4
206 196 4
206 198 4
206 199 4
206 202 4
206 203 4
206 204 4
206 206 4
206 209 4
206 211 4
206 212 4
206 213 4
206 215 4
206 218 4
206 219 4
206 220 4
206 222 4
206 228 4
206 234 4
206 235 4
206 237 4
206 238 4
206 239 4
206 240 4
206 274 4
206 275 4
206 276 4
206 277 4
206 284 4
206 289 4
206 317 4
206 318 4
206 357 4
206 368 4
206 381 4
206 396 4
206 404 4
206 405 4
206 410 4
206 411 4
206 414 4
206 418 4
206 419 4
206 420 4
206 421 4
206 427 4
206 428 4
206 429 4
206 430 4
206 431 4
206 434 4
206 435 4
206 436 4
206 443 4
206 447 4
206 451 4
206 452 4
206 453 4
206 461 4
206 463 4
206 468 4
206 469 4
206 474 4
206 476 4
206 478 4
206 479 4
206 481 4
206 482 4
206 485 4
206 487 4
206 490 4
206 496 4
206 498 4
206 499 4
206 501 4
206 503 4
206 504 4
206 505 4
206 508 4
206 509 4
206 511 4
206 514 4
206 515 4
206 517 4
206 519 4
206 520 4
206 523 4
206 524 4
206 526 4
206 527 4
206 528 4
206 529 4
206 543 4
206 559 4
206 561 4
206 573 4
206 575 4
206 582 4
206 588 4
206 589 4
206 591 4
206 596 4
206 605 4
206 606 4
206 607 4
206 608 4
206 610 4
206 611 4
206 612 4
206 624 4
206 632 4
206 633 4
206 634 4
206 638 4
206 639 4
206 640 4
206 641 4
206 642 4
206 645 4
206 647 4
206 651 4
206 652 4
206 655 4
206 662 4
206 663 4
206 664 4
206 665 4
206 672 4
206 675 4
206 692 4
206 693 4
206 699 4
206 701 4
206 705 4
206 712 4
206 713 4
206 715 4
206 727 4
206 732 4
206 735 4
206 737 4
206 745 4
206 746 4
206 747 4
206 756 4
206 769 4
206 772 4
206 787 4
206 813 4
206 823 4
206 825 4
206 826 4
206 831 4
206 845 4
206 919 4
206 923 4
206 942 4
206 945 4
206 960 4
206 962 4
207 1 3
207 2 3
207 8 4
207 25 2
207 28 5
207 29 2
207 40 2
207 45 3
207 50 5
207 56 5
207 62 4
207 68 3
207 69 4
207 70 3
207 72 4
207 82 3
207 88 4
207 89 4
207 91 2
207 96 4
207 97 4
207 98 4
207 99 4
207 100 5
207 118 3
207 123 4
207 127 5
207 132 4
207 135 5
207 143 3
207 144 4
207 147 3
207 157 4
207 158 3
207 159 3
207 161 4
207 163 3
207 172 4
207 173 3
207 174 5
207 177 4
207 179 3
207 180 5
207 181 4
207 182 4
207 183 4
207 185 4
207 186 4
207 188 5
207 193 5
207 196 4
207 197 4
207 200 4
207 201 2
207 202 4
207 203 5
207 205 3
207 208 5
207 209 4
207 211 4
207 214 5
207 215 4
207 216 3
207 217 1
207 218 3
207 222 3
207 223 5
207 226 4
207 227 4
207 228 4
207 229 3
207 230 3
207 231 3
207 232 3
207 235 2
207 238 4
207 239 4
207 244 3
207 248 4
207 249 4
207 250 4
207 255 3
207 257 4
207 258 4
207 265 4
207 269 3
207 274 3
207 286 3
207 289 2
207 290 4
207 291 3
207 313 4
207 315 5
207 316 5
207 345 4
207 357 3
207 371 3
207 382 2
207 385 4
207 393 4
207 399 4
207 400 1
207 403 3
207 405 3
207 416 4
207 418 3
207 423 5
207 427 5
207 428 5
207 432 4
207 433 4
207 436 3
207 447 3
207 448 2
207 449 3
207 455 3
207 466 3
207 476 2
207 478 4
207 479 4
207 483 5
207 484 5
207 493 5
207 496 5
207 502 5
207 508 3
207 510 5
207 514 4
207 521 4
207 525 5
207 559 2
207 561 1
207 565 2
207 603 4
207 616 4
207 629 3
207 635 2
207 642 3
207 648 5
207 655 5
207 656 4
207 657 4
207 660 4
207 675 5
207 684 5
207 705 4
207 710 3
207 712 4
207 715 2
207 729 4
207 732 5
207 746 4
207 755 3
207 756 2
207 785 3
207 844 1
207 859 1
207 869 3
207 879 2
207 949 5
207 969 3
207 972 3
207 993 3
208 258 5
208 270 5
208 271 3
208 286 4
208 288 4
208 294 3
208 300 4
208 312 3
208 313 5
208 319 5
208 324 4
208 358 4
208 539 3
208 683 2
208 689 3
209 6 4
209 8 5
209 9 4
209 14 5
209 22 5
209 23 5
209 28 5
209 30 4
209 48 5
209 50 5
209 58 5
209 59 5
209 60 5
209 65 4
209 87 5
209 89 5
209 97 5
209 98 5
209 99 5
209 100 5
209 133 5
209 135 5
209 154 5
209 156 4
209 162 4
209 166 4
209 170 5
209 172 5
209 173 5
209 175 5
209 179 5
209 181 5
209 186 5
209 187 5
209 191 4
209 192 4
209 195 5
209 197 5
209 199 5
209 200 4
209 201 4
209 202 5
209 203 5
209 204 5
209 205 3
209 207 4
209 209 5
209 210 5
209 213 5
209 214 4
209 216 5
209 223 5
209 264 5
209 266 4
209 270 4
209 275 4
209 276 5
209 283 4
209 285 4
209 286 5
209 288 5
209 300 4
209 303 5
209 318 5
209 321 3
209 322 4
209 325 5
209 327 4
209 339 4
209 343 4
209 357 5
209 367 4
209 381 4
209 382 4
209 404 5
209 427 5
209 428 5
209 429 5
209 430 5
209 433 5
209 435 5
209 461 4
209 474 5
209 478 5
209 479 4
209 480 4
209 481 3
209 482 5
209 483 5
209 484 5
209 485 3
209 486 5
209 489 5
209 491 5
209 493 5
209 496 3
209 497 5
209 498 5
209 504 4
209 505 5
209 514 5
209 516 5
209 518 5
209 520 5
209 523 5
209 526 5
209 527 5
209 528 5
209 530 5
209 604 5
209 606 5
209 607 4
209 608 4
209 609 4
209 615 5
209 618 4
209 631 3
209 633 5
209 647 4
209 654 5
209 659 5
209 661 5
209 664 4
209 676 5
209 680 4
209 684 5
209 708 4
209 709 5
209 714 4
209 733 5
209 749 4
209 855 5
209 877 3
209 879 4
209 937 4
209 945 4
209 965 5
209 995 5
210 286 4
210 289 3
210 300 4
210 312 4
210 313 4
210 315 4
210 316 3
210 328 3
210 340 3
210 347 4
210 354 3
210 538 2
210 690 2
210 748 2
210 754 2
210 873 3
210 882 3
210 886 3
210 905 4
211 1 3
211 4 4
211 9 5
211 22 4
211 28 3
211 50 5
211 56 4
211 58 4
211 73 3
211 88 4
211 117 3
211 161 4
211 168 4
211 172 4
211 181 4
211 182 5
211 186 4
211 195 4
211 196 4
211 208 4
211 209 4
211 210 4
211 222 4
211 227 2
211 228 3
211 229 3
211 230 3
211 265 4
211 304 4
211 405 3
211 435 4
211 449 3
211 451 4
211 485 5
211 566 4
211 568 3
211 651 4
211 655 3
211 709 4
211 720 1
211 732 3
211 770 4
212 4 4
212 7 5
212 23 3
212 24 5
212 28 5
212 56 5
212 64 5
212 81 4
212 92 4
212 96 5
212 114 5
212 117 5
212 135 5
212 150 2
212 154 4
212 172 5
212 173 5
212 175 4
212 182 4
212 186 4
212 193 4
212 202 5
212 206 4
212 211 5
212 218 5
212 318 5
212 340 4
212 357 5
212 408 5
212 436 4
212 480 4
212 487 4
212 526 4
212 634 4
212 651 4
212 684 5
212 724 5
213 7 4
213 9 4
213 14 4
213 50 4
213 124 4
213 147 4
213 181 4
213 222 4
213 236 4
213 245 4
213 250 4
213 255 4
213 257 4
213 258 4
213 260 4
213 270 4
213 275 4
213 286 4
213 297 4
213 300 4
213 301 4
213 302 4
213 303 4
213 306 4
213 326 4
213 328 4
213 332 4
213 471 4
213 508 4
213 628 4
213 690 4
213 877 4
214 258 5
214 260 3
214 264 4
214 294 4
214 300 5
214 301 5
214 310 5
214 325 3
214 343 4
214 346 5
214 678 4
214 748 4
215 56 5
215 154 5
215 195 5
215 243 4
215 269 5
215 322 4
215 323 4
215 328 4
215 479 5
215 480 5
215 531 5
215 748 3
216 1 5
216 2 3
216 7 3
216 8 3
216 9 4
216 10 4
216 11 4
216 12 4
216 13 4
216 14 4
216 21 2
216 22 5
216 24 4
216 25 3
216 27 2
216 28 5
216 29 3
216 31 3
216 32 5
216 36 2
216 38 3
216 41 2
216 42 4
216 43 2
216 44 3
216 49 4
216 50 5
216 51 3
216 53 3
216 54 4
216 56 4
216 58 4
216 64 5
216 65 4
216 66 4
216 67 3
216 69 4
216 70 4
216 71 4
216 73 3
216 77 4
216 81 4
216 82 4
216 83 4
216 85 3
216 86 4
216 87 4
216 88 5
216 90 3
216 92 3
216 93 5
216 94 4
216 97 4
216 98 4
216 105 2
216 106 3
216 107 4
216 117 4
216 121 4
216 123 4
216 125 4
216 126 4
216 127 4
216 132 4
216 133 4
216 134 5
216 136 4
216 137 4
216 140 4
216 142 4
216 143 4
216 144 5
216 148 3
216 154 4
216 155 4
216 156 4
216 157 4
216 158 3
216 159 3
216 168 4
216 172 5
216 174 5
216 176 4
216 178 5
216 181 4
216 182 4
216 183 4
216 185 4
216 187 4
216 191 5
216 194 5
216 195 5
216 196 5
216 197 5
216 199 4
216 200 4
216 202 4
216 203 4
216 204 5
216 209 3
216 210 5
216 211 3
216 213 3
216 215 4
216 216 5
216 217 2
216 219 1
216 220 2
216 225 4
216 226 2
216 230 4
216 234 4
216 237 4
216 238 4
216 239 5
216 240 3
216 241 3
216 242 5
216 245 3
216 246 4
216 249 4
216 250 3
216 251 4
216 252 4
216 253 4
216 254 1
216 257 2
216 258 5
216 259 2
216 264 2
216 266 1
216 268 4
216 272 4
216 274 5
216 275 5
216 276 2
216 277 2
216 281 3
216 283 4
216 284 3
216 285 4
216 286 4
216 287 4
216 288 4
216 289 3
216 294 4
216 295 4
216 297 4
216 298 4
216 301 4
216 304 4
216 307 3
216 312 4
216 313 4
216 315 4
216 316 5
216 317 4
216 318 4
216 319 4
216 322 2
216 323 3
216 326 5
216 327 3
216 328 4
216 329 3
216 331 3
216 332 4
216 333 3
216 338 2
216 339 3
216 346 3
216 347 3
216 348 3
216 354 4
216 356 2
216 357 5
216 364 2
216 366 3
216 367 3
216 369 4
216 375 3
216 378 4
216 385 5
216 388 2
216 393 4
216 395 3
216 396 2
216 399 4
216 401 3
216 402 4
216 403 3
216 404 5
216 405 4
216 411 3
216 412 2
216 416 3
216 417 4
216 418 4
216 419 5
216 423 5
216 425 4
216 427 4
216 431 4
216 432 3
216 433 5
216 443 3
216 448 3
216 451 3
216 452 5
216 462 3
216 463 4
216 468 4
216 469 4
216 471 4
216 472 2
216 473 3
216 475 4
216 476 3
216 479 4
216 480 5
216 496 5
216 498 4
216 500 5
216 501 5
216 506 3
216 509 3
216 515 5
216 526 3
216 531 4
216 532 3
216 538 4
216 546 3
216 549 4
216 553 4
216 554 3
216 559 2
216 560 3
216 564 2
216 568 4
216 576 3
216 578 3
216 585 3
216 588 5
216 591 4
216 592 3
216 607 4
216 614 3
216 619 4
216 625 3
216 627 2
216 628 3
216 633 3
216 651 5
216 652 4
216 657 5
216 658 4
216 660 3
216 662 5
216 676 5
216 678 3
216 682 4
216 684 4
216 685 4
216 686 4
216 689 3
216 690 3
216 692 4
216 693 4
216 696 4
216 699 4
216 707 3
216 708 3
216 710 3
216 712 3
216 713 4
216 717 1
216 720 4
216 721 2
216 723 4
216 724 4
216 729 3
216 734 2
216 735 4
216 737 3
216 738 3
216 739 4
216 746 3
216 747 4
216 748 3
216 750 5
216 754 3
216 755 4
216 761 2
216 762 4
216 763 4
216 768 2
216 770 3
216 775 3
216 778 4
216 781 4
216 783 3
216 785 4
216 790 4
216 792 3
216 794 3
216 795 3
216 803 3
216 807 3
216 812 1
216 815 3
216 819 3
216 821 3
216 824 3
216 833 4
216 834 1
216 840 4
216 842 3
216 843 2
216 845 5
216 849 3
216 864 2
216 865 3
216 866 4
216 873 1
216 874 3
216 879 4
216 895 3
216 915 3
216 916 5
216 917 3
216 918 3
216 928 5
216 929 3
216 930 2
216 931 1
216 934 3
216 936 3
216 937 5
216 938 3
216 941 4
216 955 4
216 959 3
216 966 4
216 972 4
216 975 3
216 980 3
216 985 3
216 990 3
216 997 2
217 1 3
217 3 4
217 5 4
217 7 4
217 11 4
217 12 4
217 13 4
217 15 3
217 16 4
217 17 3
217 20 4
217 23 4
217 24 3
217 27 3
217 29 3
217 32 3
217 39 3
217 42 5
217 44 4
217 47 5
217 50 4
217 51 3
217 55 4
217 56 5
217 58 4
217 62 3
217 63 3
217 64 4
217 65 3
217 67 3
217 68 2
217 69 4
217 70 3
217 72 3
217 73 3
217 77 3
217 78 3
217 79 4
217 80 2
217 81 4
217 82 3
217 83 4
217 89 4
217 91 4
217 95 3
217 96 3
217 97 3
217 98 4
217 99 4
217 100 4
217 101 4
217 106 4
217 109 3
217 118 2
217 120 2
217 123 2
217 125 3
217 127 5
217 131 4
217 132 4
217 135 4
217 139 3
217 142 3
217 144 3
217 145 2
217 147 3
217 154 4
217 157 4
217 159 3
217 162 4
217 164 4
217 167 3
217 169 4
217 171 4
217 172 4
217 173 4
217 174 4
217 176 4
217 178 4
217 179 5
217 181 3
217 183 5
217 184 3
217 186 4
217 190 4
217 195 4
217 196 4
217 198 4
217 200 4
217 201 3
217 202 3
217 206 4
217 207 4
217 208 4
217 211 4
217 214 4
217 216 4
217 217 4
217 218 3
217 219 3
217 222 4
217 223 5
217 226 4
217 228 3
217 232 3
217 234 4
217 235 4
217 242 5
217 245 3
217 246 4
217 248 3
217 250 4
217 255 3
217 257 3
217 258 4
217 260 2
217 264 4
217 265 3
217 270 3
217 273 4
217 286 3
217 288 3
217 290 3
217 293 5
217 294 2
217 298 3
217 323 2
217 324 4
217 325 4
217 326 4
217 340 4
217 357 5
217 358 3
217 364 3
217 367 3
217 373 3
217 380 4
217 382 4
217 384 3
217 385 3
217 386 4
217 388 3
217 391 3
217 392 3
217 393 3
217 395 3
217 396 4
217 399 4
217 402 3
217 403 4
217 404 4
217 413 2
217 419 4
217 420 4
217 422 4
217 423 3
217 425 4
217 428 5
217 431 3
217 433 4
217 436 4
217 441 4
217 444 4
217 447 4
217 449 3
217 451 4
217 452 3
217 461 4
217 465 4
217 472 2
217 474 4
217 475 5
217 483 4
217 484 5
217 485 4
217 498 4
217 501 4
217 508 4
217 513 4
217 518 4
217 541 3
217 544 3
217 545 2
217 546 2
217 550 3
217 551 1
217 552 4
217 555 4
217 559 3
217 561 3
217 562 4
217 563 2
217 574 4
217 578 3
217 579 4
217 582 4
217 588 4
217 596 3
217 597 3
217 614 5
217 616 4
217 625 4
217 628 4
217 631 3
217 636 3
217 638 4
217 640 3
217 642 3
217 655 4
217 658 3
217 665 3
217 668 4
217 669 1
217 674 3
217 679 4
217 684 4
217 685 3
217 692 3
217 708 3
217 709 3
217 710 3
217 715 3
217 723 2
217 725 3
217 727 4
217 728 2
217 732 4
217 742 3
217 746 4
217 747 4
217 748 2
217 758 1
217 762 3
217 764 2
217 765 3
217 767 2
217 769 4
217 774 2
217 778 4
217 781 3
217 783 3
217 792 4
217 796 3
217 797 2
217 800 3
217 804 3
217 809 2
217 810 3
217 815 3
217 825 4
217 827 2
217 831 2
217 849 3
217 855 3
217 871 1
217 895 3
217 923 4
217 928 3
217 940 1
217 943 3
217 944 1
217 946 3
217 963 5
217 979 5
217 999 4
217 1000 3
218 269 3
218 302 4
218 304 3
218 315 2
218 328 4
218 331 3
218 333 3
218 344 2
218 346 5
218 362 3
218 750 3
218 895 4
218 899 3
219 14 5
219 79 5
219 89 5
219 100 5
219 134 5
219 173 4
219 181 5
219 223 5
219 257 5
219 275 5
219 286 4
219 306 4
219 405 4
219 478 5
219 488 4
219 514 5
220 19 4
220 86 5
220 100 5
220 116 5
220 137 5
220 251 5
220 275 5
220 301 5
220 302 5
220 319 5
220 331 5
220 408 5
220 478 5
220 484 5
220 508 5
220 513 5
220 603 5
220 750 5
220 753 5
221 4 5
221 7 5
221 11 5
221 12 5
221 50 5
221 56 5
221 82 5
221 87 4
221 96 5
221 100 5
221 117 5
221 124 5
221 127 5
221 129 5
221 144 5
221 156 5
221 164 5
221 174 5
221 175 5
221 176 5
221 182 5
221 183 5
221 185 5
221 187 5
221 194 5
221 200 4
221 213 5
221 218 5
221 234 5
221 238 5
221 302 5
221 333 4
221 443 5
221 448 5
221 466 5
221 516 5
221 517 5
221 603 5
221 653 4
221 657 4
221 672 4
221 709 3
221 879 5
221 914 4
221 915 4
222 1 4
222 5 4
222 15 4
222 50 5
222 53 3
222 93 4
222 98 4
222 100 5
222 109 2
222 117 4
222 124 4
222 126 4
222 127 5
222 129 4
222 137 5
222 151 4
222 181 4
222 184 3
222 200 4
222 201 4
222 217 3
222 219 4
222 222 4
222 235 4
222 250 2
222 257 4
222 258 4
222 260 2
222 270 4
222 275 3
222 276 5
222 286 3
222 287 3
222 288 3
222 293 5
222 294 3
222 299 4
222 307 4
222 324 3
222 325 2
222 326 4
222 327 4
222 334 3
222 358 3
222 370 2
222 379 4
222 396 3
222 410 4
222 436 3
222 447 4
222 448 4
222 452 5
222 458 4
222 475 5
222 477 2
222 515 4
222 551 4
222 558 4
222 559 4
222 561 2
222 590 2
222 665 2
222 670 4
222 671 5
222 672 2
222 682 3
222 919 3
222 922 4
222 926 2
223 15 4
223 127 4
223 148 4
223 237 4
223 245 3
223 258 5
223 269 4
223 272 4
223 276 4
223 282 3
223 286 4
223 299 3
223 300 4
223 302 4
223 304 4
223 307 2
223 310 3
223 313 4
223 315 3
223 322 3
223 323 3
223 326 4
223 327 3
223 328 3
223 329 2
223 333 3
223 340 3
223 344 4
223 347 5
223 348 2
223 355 3
223 471 4
223 546 3
223 591 3
223 628 4
223 678 3
223 689 3
223 690 4
223 696 3
223 744 3
223 748 2
223 751 3
223 754 5
223 823 3
223 879 3
223 898 2
224 1 5
224 9 5
224 15 5
224 25 5
224 50 5
224 115 3
224 127 5
224 151 5
224 172 5
224 243 4
224 261 3
224 275 5
224 288 5
224 294 4
224 310 5
224 323 3
224 333 4
224 427 4
224 435 5
224 508 5
224 538 4
224 689 4
224 740 3
224 882 4
224 989 5
225 1 5
225 2 3
225 7 5
225 17 3
225 22 4
225 24 3
225 32 5
225 39 4
225 53 3
225 55 4
225 56 4
225 62 3
225 68 4
225 79 4
225 82 5
225 83 4
225 98 4
225 100 5
225 117 3
225 118 3
225 121 4
225 124 4
225 127 5
225 144 4
225 145 2
225 147 3
225 156 4
225 171 5
225 172 5
225 174 5
225 176 5
225 177 5
225 178 5
225 180 3
225 183 5
225 185 4
225 187 4
225 188 3
225 191 5
225 195 5
225 198 3
225 200 3
225 201 3
225 204 4
225 207 2
225 209 4
225 210 4
225 218 3
225 219 1
225 222 4
225 227 4
225 229 4
225 230 4
225 231 2
225 232 3
225 234 4
225 241 4
225 244 5
225 252 2
225 257 4
225 259 1
225 271 2
225 272 3
225 273 5
225 281 3
225 286 3
225 288 3
225 289 2
225 298 2
225 302 4
225 305 5
225 307 3
225 310 3
225 313 4
225 316 5
225 318 4
225 322 3
225 323 2
225 324 4
225 325 3
225 327 4
225 333 4
225 338 2
225 340 2
225 343 3
225 346 4
225 355 3
225 357 4
225 358 2
225 362 3
225 363 4
225 379 4
225 385 4
225 398 3
225 424 2
225 429 4
225 445 4
225 447 4
225 448 2
225 452 2
225 474 4
225 475 4
225 491 4
225 515 2
225 520 3
225 522 4
225 529 4
225 538 2
225 550 4
225 562 3
225 566 4
225 573 3
225 576 3
225 583 5
225 590 2
225 597 4
225 636 4
225 669 3
225 670 3
225 675 2
225 678 3
225 679 3
225 686 3
225 689 3
225 690 4
225 748 3
225 750 4
225 751 3
225 759 3
225 823 3
225 825 3
225 831 2
225 841 2
225 853 3
225 877 2
225 879 4
225 895 3
225 912 3
225 943 3
225 976 3
226 23 3
226 50 5
226 98 4
226 99 3
226 132 4
226 133 4
226 134 4
226 135 4
226 168 4
226 174 4
226 178 4
226 182 2
226 185 4
226 191 4
226 194 4
226 196 4
226 197 4
226 199 4
226 200 4
226 208 2
226 211 4
226 318 4
226 332 3
226 418 3
226 428 4
226 429 4
226 430 2
226 435 4
226 474 4
226 478 4
226 480 4
226 483 4
226 486 4
226 488 4
226 490 4
226 491 4
226 492 3
226 493 4
226 494 4
226 504 4
226 505 4
226 510 4
226 511 4
226 524 3
226 525 4
226 526 4
226 601 4
226 603 4
226 605 2
226 606 4
226 608 4
226 610 4
226 613 3
226 614 3
226 616 3
226 631 4
226 633 3
226 646 3
226 648 3
226 651 4
226 653 3
226 654 4
226 655 4
226 657 4
226 673 3
226 705 4
226 754 3
226 835 3
226 836 4
226 848 3
227 245 4
227 263 4
227 292 5
227 300 5
227 302 5
227 303 4
227 304 4
227 328 5
227 359 4
227 680 5
227 681 4
227 682 1
227 688 4
227 874 5
227 937 5
227 938 4
227 989 4
227 990 5
228 243 2
228 259 4
228 272 4
228 286 5
228 289 2
228 294 4
228 300 4
228 301 4
228 305 3
228 307 3
228 312 4
228 316 4
228 322 3
228 323 3
228 326 4
228 329 3
228 331 3
228 332 3
228 334 4
228 338 2
228 340 4
228 343 3
228 344 4
228 347 4
228 350 3
228 690 3
228 750 4
228 875 2
228 877 2
228 879 4
228 886 4
228 896 3
228 988 1
229 1 4
229 2 3
229 3 1
229 4 4
229 7 4
229 8 5
229 12 4
229 15 3
229 21 3
229 22 4
229 23 4
229 24 4
229 26 3
229 28 4
229 31 3
229 32 3
229 45 5
229 48 4
229 50 4
229 52 5
229 53 3
229 55 4
229 56 4
229 58 3
229 62 4
229 63 4
229 64 5
229 66 3
229 68 3
229 69 4
229 70 4
229 72 3
229 73 3
229 77 4
229 79 4
229 81 4
229 82 4
229 83 3
229 85 3
229 86 4
229 87 4
229 88 4
229 89 4
229 90 2
229 91 3
229 92 3
229 93 1
229 95 4
229 96 4
229 97 4
229 101 1
229 109 3
229 114 3
229 117 4
229 118 5
229 123 3
229 124 4
229 127 3
229 128 3
229 132 4
229 133 2
229 134 5
229 137 4
229 140 4
229 141 4
229 143 3
229 144 4
229 150 3
229 151 3
229 154 4
229 157 3
229 159 3
229 161 4
229 162 4
229 163 4
229 164 3
229 165 4
229 166 4
229 168 4
229 170 5
229 172 4
229 174 4
229 178 4
229 179 4
229 181 4
229 183 4
229 184 3
229 185 4
229 186 4
229 188 3
229 190 4
229 191 4
229 193 4
229 195 5
229 197 4
229 201 3
229 202 3
229 203 3
229 207 5
229 208 4
229 209 4
229 210 4
229 211 4
229 214 4
229 216 4
229 218 3
229 219 3
229 223 5
229 225 5
229 229 4
229 232 4
229 233 4
229 237 3
229 238 4
229 248 4
229 249 3
229 250 3
229 258 3
229 264 3
229 265 3
229 273 4
229 274 4
229 275 4
229 276 3
229 277 3
229 280 1
229 281 4
229 282 4
229 283 5
229 288 3
229 290 3
229 291 3
229 298 3
229 301 2
229 318 4
229 319 4
229 321 3
229 338 3
229 340 3
229 356 3
229 365 3
229 366 4
229 367 3
229 371 2
229 378 4
229 382 3
229 385 5
229 387 4
229 392 4
229 393 4
229 403 2
229 404 5
229 405 3
229 410 3
229 411 4
229 415 3
229 418 5
229 419 4
229 423 4
229 427 4
229 428 4
229 430 4
229 431 4
229 432 3
229 435 4
229 436 5
229 441 3
229 448 3
229 455 3
229 457 3
229 464 3
229 466 3
229 467 4
229 468 3
229 470 2
229 473 2
229 475 3
229 480 4
229 481 5
229 482 4
229 483 4
229 484 4
229 485 5
229 491 4
229 493 5
229 495 4
229 496 4
229 499 4
229 500 4
229 502 4
229 504 4
229 505 3
229 508 3
229 511 3
229 514 4
229 520 4
229 527 4
229 531 5
229 535 3
229 537 3
229 546 2
229 549 4
229 550 3
229 559 3
229 566 5
229 568 5
229 569 3
229 570 3
229 578 3
229 581 3
229 584 3
229 591 4
229 602 3
229 603 3
229 611 3
229 625 4
229 627 4
229 628 4
229 629 4
229 631 5
229 633 3
229 635 3
229 636 1
229 640 3
229 642 3
229 652 3
229 654 4
229 655 4
229 658 3
229 662 3
229 665 2
229 671 3
229 672 3
229 673 3
229 679 4
229 684 5
229 686 3
229 692 4
229 693 3
229 700 3
229 702 3
229 705 4
229 708 2
229 709 4
229 710 3
229 726 3
229 729 4
229 732 4
229 735 4
229 742 4
229 744 3
229 747 5
229 755 3
229 756 3
229 761 3
229 762 3
229 763 3
229 768 1
229 780 4
229 794 3
229 804 3
229 805 4
229 820 3
229 826 3
229 833 1
229 845 4
229 847 4
229 921 5
229 941 3
229 944 5
229 961 3
229 967 3
229 972 3
230 9 4
230 10 4
230 12 4
230 19 3
230 42 4
230 50 5
230 56 5
230 98 5
230 100 5
230 101 3
230 117 4
230 124 4
230 129 4
230 137 4
230 148 2
230 152 3
230 165 5
230 181 4
230 221 3
230 222 3
230 237 4
230 248 4
230 253 4
230 258 4
230 264 4
230 273 3
230 276 4
230 286 4
230 288 4
230 293 4
230 294 3
230 318 4
230 328 4
230 462 4
230 514 3
230 515 4
230 527 5
230 528 5
230 547 3
230 628 4
230 656 5
230 674 3
230 744 4
231 245 3
231 286 4
231 302 4
231 322 4
231 323 3
231 327 4
231 358 2
231 689 3
231 748 3
231 879 4
231 988 2
232 1 4
232 3 3
232 7 3
232 50 4
232 93 4
232 100 5
232 108 4
232 109 3
232 111 4
232 117 4
232 118 3
232 121 4
232 123 3
232 150 5
232 151 2
232 181 5
232 222 4
232 237 4
232 248 4
232 249 4
232 250 3
232 257 4
232 258 3
232 284 3
232 294 3
232 300 2
232 315 5
232 322 3
232 405 2
232 410 2
232 411 2
232 471 2
232 508 3
232 546 2
232 620 4
232 628 4
232 678 3
232 742 3
232 763 2
232 815 3
232 844 1
232 845 3
232 864 4
232 871 2
233 50 5
233 59 5
233 60 5
233 95 3
233 173 5
233 174 5
233 246 5
233 268 5
233 269 5
233 273 4
233 276 3
233 293 4
233 294 4
233 302 3
233 323 3
233 325 4
233 326 4
233 333 3
233 358 3
233 435 4
233 474 4
233 507 4
233 657 4
233 682 2
233 690 4
233 748 2
233 754 5
233 919 2
234 7 5
234 9 5
234 111 4
234 125 4
234 147 4
234 148 5
234 220 3
234 225 4
234 237 4
234 274 5
234 275 4
234 283 4
234 288 4
234 347 5
234 406 4
234 471 4
234 476 3
234 477 3
234 546 4
234 628 5
234 743 5
234 756 3
234 763 3
234 815 4
234 819 5
234 833 5
234 928 4
234 975 4
235 1 4
235 3 4
235 4 2
235 5 3
235 7 3
235 9 4
235 11 4
235 12 3
235 15 4
235 21 3
235 22 4
235 23 4
235 24 3
235 25 3
235 27 3
235 28 4
235 29 3
235 31 3
235 38 3
235 40 4
235 42 3
235 45 2
235 49 3
235 50 4
235 52 4
235 54 3
235 62 4
235 63 3
235 64 4
235 67 3
235 68 4
235 69 4
235 71 4
235 72 3
235 73 4
235 80 3
235 81 3
235 82 4
235 83 3
235 85 3
235 86 4
235 89 4
235 90 3
235 96 4
235 100 3
235 105 3
235 108 3
235 109 2
235 111 4
235 115 4
235 117 3
235 118 3
235 121 3
235 122 2
235 123 3
235 125 4
235 128 3
235 132 4
235 135 4
235 136 4
235 141 3
235 148 3
235 151 2
235 152 4
235 153 4
235 154 4
235 156 2
235 157 4
235 159 3
235 160 3
235 161 3
235 162 3
235 163 3
235 164 3
235 167 3
235 168 3
235 171 3
235 172 4
235 173 3
235 174 4
235 175 3
235 176 4
235 182 5
235 183 4
235 184 3
235 185 4
235 186 4
235 187 5
235 188 3
235 190 3
235 191 4
235 195 4
235 196 4
235 199 4
235 200 4
235 204 4
235 206 2
235 211 3
235 214 2
235 215 4
235 216 3
235 217 2
235 218 4
235 219 2
235 222 3
235 225 3
235 226 4
235 227 3
235 228 3
235 229 3
235 230 3
235 234 4
235 239 5
235 240 3
235 245 1
235 246 3
235 250 3
235 252 4
235 254 1
235 255 3
235 257 5
235 258 4
235 260 1
235 264 4
235 273 3
235 284 2
235 290 2
235 291 2
235 294 3
235 299 2
235 300 3
235 307 3
235 313 4
235 317 4
235 318 4
235 321 4
235 327 4
235 331 3
235 338 4
235 343 3
235 351 4
235 354 4
235 358 3
235 367 3
235 369 2
235 376 3
235 380 3
235 381 4
235 382 4
235 384 3
235 385 4
235 386 3
235 392 4
235 393 4
235 394 3
235 399 3
235 402 3
235 403 4
235 404 4
235 410 3
235 411 3
235 413 2
235 423 4
235 424 3
235 431 4
235 433 3
235 434 3
235 435 4
235 436 2
235 443 4
235 447 3
235 448 4
235 451 3
235 455 3
235 462 3
235 465 4
235 470 1
235 473 3
235 476 3
235 520 5
235 541 2
235 542 2
235 546 2
235 550 4
235 554 3
235 561 2
235 562 3
235 566 3
235 567 1
235 568 4
235 569 2
235 571 3
235 572 2
235 573 3
235 576 3
235 577 3
235 584 3
235 587 3
235 588 4
235 597 3
235 616 4
235 625 4
235 628 3
235 631 4
235 637 3
235 640 4
235 649 3
235 652 2
235 655 4
235 659 5
235 665 2
235 672 4
235 673 4
235 674 3
235 675 3
235 679 3
235 684 4
235 693 3
235 696 4
235 697 3
235 710 2
235 713 5
235 715 4
235 717 3
235 720 3
235 729 3
235 732 4
235 743 2
235 746 4
235 748 2
235 751 3
235 752 4
235 756 3
235 760 3
235 762 4
235 780 4
235 781 4
235 786 3
235 790 3
235 792 4
235 797 3
235 800 3
235 820 2
235 821 3
235 825 3
235 826 3
235 831 3
235 834 1
235 841 2
235 845 4
235 862 3
235 890 3
235 895 4
235 924 4
235 926 4
235 928 3
235 929 3
235 943 3
235 944 3
235 961 3
235 977 2
235 983 3
236 21 5
236 23 4
236 26 4
236 38 4
236 39 4
236 43 4
236 47 3
236 65 3
236 66 4
236 72 3
236 73 4
236 83 4
236 90 4
236 92 4
236 95 5
236 96 5
236 98 5
236 102 4
236 111 4
236 125 4
236 127 5
236 132 5
236 133 3
236 157 4
236 159 5
236 161 4
236 168 5
236 172 5
236 174 5
236 179 5
236 182 5
236 186 5
236 200 5
236 204 5
236 215 5
236 216 5
236 217 5
236 218 4
236 226 4
236 238 5
236 265 5
236 276 3
236 287 5
236 288 4
236 325 4
236 327 5
236 340 4
236 347 4
236 367 3
236 381 3
236 392 4
236 400 4
236 411 3
236 433 5
236 441 5
236 447 5
236 454 2
236 503 4
236 504 4
236 506 4
236 537 5
236 546 4
236 553 4
236 559 4
236 568 4
236 581 5
236 585 4
236 595 4
236 628 4
236 642 4
236 649 4
236 655 5
236 658 4
236 708 4
236 710 3
236 715 4
236 723 4
236 739 4
236 742 5
236 746 5
236 748 4
236 761 5
236 762 4
236 763 5
236 785 4
236 787 4
236 790 5
236 794 3
236 821 4
236 845 5
236 895 4
236 974 2
237 5 5
237 11 5
237 12 5
237 14 5
237 28 5
237 30 5
237 42 5
237 47 4
237 51 2
237 56 4
237 58 5
237 65 4
237 69 5
237 70 4
237 77 5
237 79 5
237 82 5
237 83 5
237 86 4
237 87 5
237 88 5
237 89 5
237 90 5
237 91 4
237 95 5
237 97 5
237 98 5
237 99 5
237 111 4
237 116 5
237 118 4
237 124 5
237 131 4
237 132 5
237 133 5
237 134 5
237 137 5
237 143 5
237 144 5
237 145 4
237 151 5
237 154 4
237 155 4
237 161 4
237 162 4
237 165 5
237 166 5
237 168 5
237 173 5
237 174 5
237 176 5
237 179 5
237 181 5
237 183 5
237 185 5
237 186 4
237 190 5
237 191 5
237 195 5
237 197 5
237 204 5
237 207 5
237 208 4
237 211 4
237 212 4
237 213 5
237 214 3
237 216 5
237 217 3
237 218 4
237 219 2
237 229 4
237 234 5
237 237 5
237 238 5
237 239 5
237 244 5
237 253 5
237 254 4
237 265 5
237 275 5
237 276 3
237 281 4
237 283 5
237 286 4
237 287 4
237 288 4
237 292 5
237 301 4
237 318 5
237 378 5
237 381 4
237 387 4
237 393 5
237 402 5
237 404 5
237 412 4
237 415 3
237 418 5
237 419 5
237 421 5
237 423 5
237 428 4
237 432 4
237 433 5
237 435 5
237 436 5
237 447 5
237 450 3
237 451 4
237 463 5
237 466 5
237 473 3
237 478 5
237 480 5
237 482 4
237 483 5
237 484 5
237 485 5
237 496 5
237 497 5
237 499 5
237 501 5
237 507 5
237 512 5
237 514 5
237 517 5
237 518 5
237 521 4
237 523 5
237 559 3
237 566 5
237 581 4
237 582 4
237 583 4
237 584 4
237 588 5
237 603 5
237 607 5
237 614 5
237 629 4
237 640 5
237 642 5
237 651 5
237 652 5
237 654 5
237 655 4
237 657 5
237 658 5
237 660 4
237 663 4
237 665 4
237 672 3
237 674 4
237 683 4
237 684 5
237 692 5
237 696 4
237 697 5
237 698 4
237 699 5
237 702 4
237 705 5
237 708 5
237 709 4
237 710 5
237 727 3
237 730 5
237 732 5
237 736 5
237 737 3
237 739 3
237 746 4
237 747 4
237 748 4
237 753 4
237 755 4
237 770 4
237 778 5
237 781 4
237 794 4
237 812 2
237 842 4
237 843 3
237 946 5
237 955 5
237 969 3
238 1 3
238 9 4
238 21 2
238 50 5
238 100 5
238 118 3
238 121 4
238 181 5
238 220 4
238 237 4
238 245 3
238 269 5
238 280 4
238 321 3
238 471 4
238 476 4
238 815 2
238 845 4
239 7 4
239 13 4
239 93 4
239 100 5
239 121 4
239 125 5
239 147 3
239 237 4
239 240 4
239 242 5
239 257 4
239 273 4
239 276 5
239 282 3
239 285 4
239 288 3
239 293 5
239 300 5
239 301 4
239 405 3
239 475 4
240 70 4
240 86 5
240 198 5
240 242 5
240 243 2
240 271 3
240 272 5
240 283 5
240 300 5
240 310 4
240 312 4
240 319 5
240 323 3
240 328 4
240 329 4
240 340 5
240 350 4
240 512 5
240 515 5
240 582 5
240 690 4
240 750 5
240 886 4
240 904 4
240 921 5
240 937 4
240 971 5
240 988 4
241 1 4
241 9 4
241 15 4
241 25 4
241 121 4
241 288 4
241 313 5
241 342 3
241 405 4
241 751 3
242 7 3
242 11 3
242 12 3
242 17 3
242 22 4
242 26 4
242 27 1
242 31 1
242 33 2
242 38 2
242 39 2
242 41 4
242 42 4
242 44 3
242 53 2
242 54 2
242 55 3
242 56 3
242 62 3
242 64 4
242 68 2
242 79 3
242 82 3
242 100 4
242 117 3
242 129 2
242 144 3
242 150 2
242 154 2
242 156 2
242 159 3
242 161 3
242 168 3
242 174 3
242 176 3
242 177 3
242 182 3
242 184 2
242 186 4
242 195 3
242 203 3
242 204 3
242 209 4
242 210 3
242 217 2
242 219 3
242 226 2
242 228 4
242 229 2
242 230 3
242 231 2
242 234 3
242 240 2
242 273 2
242 276 3
242 281 2
242 286 3
242 288 2
242 294 2
242 318 3
242 342 3
242 350 2
242 367 3
242 385 3
242 401 4
242 403 3
242 410 1
242 436 5
242 449 3
242 452 2
242 482 2
242 508 2
242 546 2
242 550 1
242 554 3
242 559 1
242 569 3
242 572 1
242 578 3
242 591 3
242 628 2
242 635 4
242 636 2
242 665 3
242 672 2
242 684 3
242 685 2
242 695 3
242 710 2
242 746 2
242 769 1
242 780 4
242 800 2
242 810 2
242 834 1
242 873 2
242 943 2
242 975 3
242 979 3
242 988 2
243 258 5
243 271 4
243 286 4
243 309 5
243 313 5
243 323 4
243 340 5
243 358 4
243 678 4
243 687 4
244 9 5
244 50 5
244 100 5
244 245 3
244 258 5
244 271 3
244 300 5
244 313 5
244 515 4
244 678 3
244 748 5
244 916 4
245 7 3
245 9 3
245 12 4
245 28 4
245 50 4
245 55 3
245 64 4
245 79 3
245 87 3
245 117 3
245 118 1
245 121 4
245 123 3
245 127 4
245 144 3
245 147 3
245 150 5
245 174 3
245 181 5
245 195 3
245 203 3
245 204 3
245 208 2
245 209 3
245 221 3
245 235 1
245 245 2
245 246 4
245 248 3
245 268 4
245 273 3
245 276 3
245 291 2
245 295 3
245 302 4
245 310 3
245 313 4
245 324 2
245 325 2
245 330 1
245 333 2
245 340 2
245 346 3
245 405 3
245 408 2
245 460 1
245 475 3
245 479 2
245 480 2
245 504 3
245 544 3
245 591 4
245 595 2
245 597 2
245 603 3
245 628 4
245 644 2
245 689 2
245 742 3
245 744 2
245 748 3
245 752 2
245 762 3
245 763 1
245 818 2
245 823 2
245 829 2
245 831 2
245 840 1
245 844 3
245 845 3
245 871 1
245 881 2
245 886 2
245 895 2
245 908 2
245 919 3
245 959 2
245 979 2
246 268 3
246 269 3
246 270 2
246 286 3
246 288 2
246 292 3
246 294 2
246 302 3
246 303 3
246 306 2
246 311 4
246 326 2
246 328 3
246 332 2
246 688 1
246 748 3
246 754 2
246 880 2
246 883 2
246 887 2
246 888 2
247 1 5
247 5 4
247 7 5
247 9 5
247 17 4
247 27 4
247 28 4
247 31 5
247 55 4
247 56 5
247 65 5
247 68 4
247 69 5
247 70 5
247 85 4
247 89 5
247 96 5
247 98 5
247 100 5
247 111 5
247 117 5
247 123 4
247 135 5
247 144 5
247 147 5
247 148 5
247 150 5
247 151 4
247 153 5
247 156 5
247 157 4
247 158 3
247 174 5
247 176 5
247 180 5
247 183 5
247 204 5
247 206 4
247 209 5
247 218 5
247 222 5
247 227 4
247 231 4
247 233 4
247 234 5
247 248 4
247 252 5
247 258 5
247 260 4
247 281 4
247 284 4
247 286 5
247 288 5
247 290 4
247 293 4
247 298 5
247 300 5
247 367 4
247 405 5
247 410 4
247 435 5
247 447 4
247 470 5
247 483 5
247 484 5
247 498 5
247 544 3
247 546 4
247 559 4
247 582 5
247 591 5
247 597 4
247 629 5
247 642 4
247 678 4
247 742 5
247 748 4
247 760 3
247 815 5
247 823 5
247 845 4
247 866 4
247 879 5
247 926 4
247 963 5
247 981 4
248 262 4
248 268 3
248 269 4
248 271 3
248 292 3
248 301 2
248 303 3
248 304 2
248 305 4
248 307 3
248 316 2
248 321 3
248 327 3
248 333 4
248 338 2
248 344 3
248 345 4
248 360 3
248 750 4
248 884 3
248 887 3
248 902 4
249 9 5
249 15 4
249 59 4
249 60 5
249 61 4
249 100 5
249 105 2
249 117 3
249 118 3
249 122 1
249 127 4
249 137 4
249 170 4
249 171 5
249 179 4
249 212 4
249 244 4
249 248 4
249 251 4
249 273 2
249 276 5
249 282 3
249 285 5
249 286 4
249 288 2
249 293 4
249 310 3
249 337 2
249 381 4
249 410 3
249 459 3
249 546 3
249 558 5
249 702 3
249 742 4
249 753 4
249 763 2
249 936 4
249 971 4
249 983 3
250 1 4
250 2 4
250 3 4
250 4 4
250 7 4
250 10 4
250 12 4
250 13 4
250 15 4
250 26 4
250 28 4
250 29 4
250 35 4
250 38 4
250 39 4
250 49 4
250 51 4
250 54 4
250 56 4
250 58 4
250 60 4
250 64 4
250 65 4
250 66 4
250 67 4
250 70 4
250 71 4
250 73 4
250 77 4
250 79 4
250 80 4
250 81 4
250 82 4
250 83 4
250 86 4
250 87 4
250 88 4
250 89 4
250 92 4
250 94 4
250 95 4
250 97 4
250 98 4
250 99 4
250 100 4
250 101 4
250 110 4
250 112 4
250 114 4
250 117 4
250 121 4
250 123 4
250 125 4
250 126 4
250 127 4
250 131 4
250 132 4
250 133 4
250 134 4
250 135 4
250 136 4
250 139 4
250 141 4
250 142 4
250 143 4
250 144 4
250 145 4
250 152 4
250 153 4
250 154 4
250 155 4
250 157 4
250 158 4
250 161 4
250 162 4
250 163 4
250 164 4
250 166 4
250 167 4
250 168 4
250 169 4
250 173 4
250 174 4
250 176 4
250 177 4
250 179 4
250 180 4
250 182 4
250 183 4
250 185 4
250 187 4
250 191 4
250 192 4
250 193 4
250 194 4
250 195 4
250 196 4
250 197 4
250 199 4
250 200 4
250 202 4
250 203 4
250 204 4
250 205 4
250 207 4
250 208 4
250 210 4
250 211 4
250 215 4
250 216 4
250 218 4
250 222 4
250 223 4
250 225 4
250 226 4
250 227 4
250 229 4
250 231 4
250 233 4
250 237 4
250 238 4
250 239 4
250 241 4
250 245 4
250 252 4
250 254 4
250 258 4
250 264 4
250 265 4
250 269 4
250 270 4
250 272 4
250 274 4
250 275 4
250 277 4
250 278 4
250 280 4
250 281 4
250 282 4
250 283 4
250 287 4
250 288 4
250 290 4
250 292 4
250 294 4
250 299 4
250 300 4
250 301 4
250 302 4
250 304 4
250 305 4
250 310 4
250 311 4
250 312 4
250 313 4
250 315 4
250 316 4
250 328 4
250 332 4
250 340 4
250 354 4
250 357 4
250 367 4
250 371 4
250 373 4
250 378 4
250 380 4
250 381 4
250 382 4
250 383 4
250 384 4
250 385 4
250 387 4
250 393 4
250 395 4
250 396 4
250 400 4
250 401 4
250 414 4
250 416 4
250 417 4
250 418 4
250 419 4
250 421 4
250 422 4
250 427 4
250 428 4
250 430 4
250 431 4
250 432 4
250 433 4
250 434 4
250 435 4
250 443 4
250 448 4
250 455 4
250 462 4
250 465 4
250 467 4
250 468 4
250 469 4
250 470 4
250 471 4
250 472 4
250 474 4
250 476 4
250 477 4
250 478 4
250 479 4
250 480 4
250 481 4
250 482 4
250 483 4
250 484 4
250 487 4
250 488 4
250 490 4
250 491 4
250 493 4
250 494 4
250 495 4
250 496 4
250 497 4
250 499 4
250 500 4
250 502 4
250 503 4
250 505 4
250 506 4
250 507 4
250 509 4
250 510 4
250 511 4
250 514 4
250 518 4
250 520 4
250 523 4
250 525 4
250 526 4
250 527 4
250 528 4
250 530 4
250 535 4
250 549 4
250 550 4
250 553 4
250 557 4
250 558 4
250 559 4
250 561 4
250 566 4
250 568 4
250 570 4
250 582 4
250 583 4
250 589 4
250 591 4
250 602 4
250 604 4
250 606 4
250 607 4
250 608 4
250 609 4
250 610 4
250 611 4
250 612 4
250 613 4
250 614 4
250 618 4
250 620 4
250 622 4
250 629 4
250 630 4
250 631 4
250 632 4
250 633 4
250 637 4
250 642 4
250 647 4
250 648 4
250 650 4
250 651 4
250 655 4
250 657 4
250 659 4
250 660 4
250 661 4
250 663 4
250 673 4
250 679 4
250 685 4
250 686 4
250 689 4
250 692 4
250 693 4
250 700 4
250 704 4
250 707 4
250 708 4
250 709 4
250 710 4
250 712 4
250 714 4
250 715 4
250 716 4
250 717 4
250 723 4
250 727 4
250 728 4
250 729 4
250 731 4
250 735 4
250 736 4
250 739 4
250 742 4
250 747 4
250 748 4
250 751 4
250 761 4
250 762 4
250 765 4
250 771 4
250 774 4
250 775 4
250 778 4
250 783 4
250 785 4
250 790 4
250 792 4
250 794 4
250 801 4
250 807 4
250 815 4
250 821 4
250 823 4
250 832 4
250 837 4
250 842 4
250 845 4
250 846 4
250 847 4
250 865 4
250 869 4
250 873 4
250 878 4
250 900 4
250 902 4
250 904 4
250 905 4
250 908 4
250 921 4
250 923 4
250 926 4
250 928 4
250 934 4
250 936 4
250 939 4
250 940 4
250 942 4
250 956 4
250 965 4
250 966 4
250 967 4
250 969 4
251 242 3
251 243 2
251 259 1
251 260 4
251 263 2
251 264 2
251 268 3
251 269 1
251 270 2
251 286 1
251 288 3
251 292 2
251 294 2
251 299 2
251 300 2
251 301 1
251 303 1
251 307 2
251 308 2
251 322 2
251 323 2
251 325 2
251 327 4
251 328 3
251 329 3
251 330 2
251 331 2
251 332 3
251 333 3
251 336 3
251 337 2
251 359 2
251 360 1
251 457 4
251 680 2
251 681 2
251 683 4
251 687 4
251 688 2
251 690 2
251 749 2
251 872 2
251 874 2
251 875 2
251 877 3
251 879 2
251 880 2
251 881 3
251 882 2
251 883 2
251 884 2
251 937 4
251 938 2
251 984 2
251 989 2
251 991 2
251 995 2
252 7 4
252 8 4
252 14 4
252 22 4
252 25 3
252 27 3
252 45 4
252 48 5
252 52 3
252 58 4
252 60 5
252 61 4
252 62 3
252 64 5
252 66 4
252 69 4
252 70 3
252 79 4
252 86 3
252 88 3
252 89 5
252 96 4
252 97 3
252 99 4
252 111 3
252 121 4
252 124 4
252 127 4
252 132 4
252 134 3
252 135 4
252 136 3
252 143 2
252 152 4
252 154 4
252 156 4
252 161 4
252 162 4
252 163 4
252 170 4
252 173 4
252 174 4
252 180 4
252 181 4
252 183 4
252 185 4
252 186 4
252 187 4
252 188 3
252 191 4
252 194 4
252 195 5
252 197 4
252 201 3
252 202 4
252 203 4
252 204 4
252 207 3
252 211 3
252 212 4
252 216 4
252 234 4
252 237 3
252 243 2
252 245 2
252 259 2
252 269 4
252 276 4
252 286 3
252 294 1
252 318 5
252 371 3
252 384 2
252 404 4
252 418 3
252 419 3
252 420 4
252 423 3
252 427 4
252 430 4
252 435 4
252 443 3
252 455 4
252 458 2
252 461 4
252 462 2
252 465 3
252 467 5
252 472 2
252 479 4
252 482 3
252 483 4
252 485 3
252 488 3
252 490 3
252 491 4
252 494 3
252 495 3
252 496 4
252 498 4
252 502 4
252 506 4
252 509 3
252 510 4
252 513 4
252 517 4
252 518 4
252 521 5
252 523 4
252 526 3
252 530 4
252 531 3
252 554 1
252 576 4
252 588 4
252 597 2
252 603 4
252 609 2
252 614 4
252 615 4
252 624 5
252 631 3
252 636 3
252 641 4
252 648 4
252 654 4
252 659 3
252 660 4
252 684 4
252 729 3
252 736 4
252 780 2
252 781 3
252 792 5
252 805 4
252 815 3
252 856 4
252 863 3
252 874 5
252 924 1
252 947 3
252 969 3
252 971 3
253 3 3
253 4 4
253 7 3
253 9 5
253 11 4
253 12 4
253 17 2
253 22 4
253 24 3
253 33 3
253 42 4
253 48 5
253 49 4
253 50 5
253 53 3
253 59 4
253 68 4
253 69 3
253 73 2
253 77 3
253 79 4
253 80 2
253 93 4
253 94 2
253 97 3
253 98 4
253 100 5
253 117 3
253 122 4
253 125 2
253 132 4
253 143 4
253 154 5
253 156 4
253 157 4
253 158 2
253 164 3
253 168 4
253 172 4
253 174 4
253 181 4
253 184 2
253 186 4
253 188 3
253 196 4
253 204 4
253 210 4
253 214 5
253 223 5
253 231 3
253 233 3
253 234 5
253 238 4
253 239 2
253 246 4
253 248 4
253 258 4
253 268 4
253 276 4
253 288 3
253 298 4
253 318 4
253 354 2
253 356 4
253 357 4
253 364 3
253 367 3
253 369 2
253 385 2
253 393 3
253 401 3
253 402 4
253 410 3
253 412 3
253 416 3
253 421 4
253 423 4
253 424 1
253 427 4
253 456 3
253 471 3
253 475 4
253 476 2
253 496 4
253 515 5
253 550 2
253 552 3
253 566 2
253 568 3
253 578 3
253 586 2
253 591 3
253 651 4
253 655 4
253 684 4
253 693 3
253 697 4
253 717 1
253 721 2
253 742 3
253 871 2
253 959 5
253 963 4
253 975 3
254 1 4
254 11 5
254 12 4
254 15 3
254 22 4
254 28 4
254 50 5
254 51 3
254 55 4
254 56 3
254 58 5
254 66 2
254 69 4
254 70 4
254 73 3
254 76 4
254 77 3
254 79 4
254 82 4
254 87 3
254 88 4
254 89 3
254 96 4
254 97 4
254 98 4
254 99 4
254 100 4
254 107 3
254 114 3
254 117 3
254 118 3
254 121 3
254 124 3
254 131 3
254 136 4
254 143 4
254 144 3
254 153 5
254 161 3
254 162 3
254 164 3
254 169 2
254 172 5
254 173 4
254 174 5
254 181 4
254 182 3
254 185 4
254 191 5
254 193 5
254 194 4
254 195 3
254 196 4
254 197 4
254 199 4
254 202 3
254 203 5
254 204 4
254 210 4
254 211 5
254 215 5
254 222 3
254 228 4
254 234 5
254 237 4
254 250 4
254 255 3
254 257 4
254 258 5
254 259 3
254 260 2
254 270 3
254 272 3
254 277 3
254 279 3
254 286 4
254 289 1
254 293 3
254 300 3
254 310 4
254 315 3
254 316 3
254 317 5
254 318 5
254 322 3
254 323 3
254 326 2
254 356 4
254 357 4
254 378 3
254 385 2
254 392 2
254 404 3
254 414 4
254 418 4
254 419 4
254 423 3
254 427 3
254 431 4
254 434 3
254 435 5
254 451 4
254 454 3
254 465 3
254 468 3
254 474 3
254 478 5
254 479 4
254 482 2
254 483 5
254 484 4
254 485 3
254 487 3
254 490 3
254 492 3
254 493 4
254 496 4
254 497 3
254 507 3
254 509 5
254 519 4
254 520 3
254 526 4
254 528 5
254 531 3
254 566 2
254 568 3
254 603 4
254 605 3
254 607 3
254 610 3
254 612 3
254 614 3
254 627 3
254 631 3
254 633 3
254 642 4
254 649 3
254 651 5
254 654 5
254 655 4
254 657 5
254 659 4
254 660 3
254 661 2
254 678 1
254 685 4
254 686 4
254 692 4
254 693 4
254 694 3
254 705 3
254 707 3
254 735 4
254 736 5
254 740 2
254 742 3
254 746 3
254 836 3
254 837 3
254 842 3
254 873 3
254 875 3
254 879 3
254 939 3
254 945 3
254 956 3
254 961 4
254 968 3
255 1 4
255 2 3
255 4 4
255 7 3
255 8 4
255 9 4
255 12 4
255 14 4
255 17 2
255 20 4
255 24 3
255 25 3
255 31 4
255 39 3
255 42 4
255 44 4
255 47 4
255 53 2
255 56 4
255 57 4
255 58 4
255 64 5
255 65 4
255 69 4
255 70 4
255 71 4
255 87 4
255 89 4
255 95 4
255 96 4
255 97 4
255 98 4
255 100 4
255 118 3
255 123 3
255 125 4
255 126 3
255 127 4
255 135 4
255 148 2
255 161 4
255 170 4
255 173 4
255 174 5
255 176 4
255 191 4
255 196 4
255 197 4
255 204 4
255 214 3
255 217 2
255 222 3
255 223 4
255 228 4
255 234 4
255 237 4
255 245 2
255 252 3
255 255 4
255 257 4
255 265 4
255 270 4
255 275 4
255 276 4
255 277 4
255 279 5
255 281 3
255 282 4
255 289 2
255 291 4
255 292 5
255 293 4
255 298 3
255 300 3
255 304 4
255 307 3
255 313 4
255 317 4
255 318 4
255 321 2
255 323 3
255 334 2
255 343 1
255 380 3
255 382 3
255 393 4
255 402 4
255 405 3
255 428 4
255 447 3
255 455 3
255 462 4
255 465 4
255 471 3
255 475 2
255 504 4
255 508 3
255 511 5
255 515 4
255 518 3
255 529 4
255 531 4
255 549 4
255 582 4
255 584 4
255 591 4
255 597 3
255 627 3
255 628 4
255 629 3
255 647 4
255 660 4
255 678 3
255 692 4
255 694 4
255 709 4
255 724 4
255 727 3
255 738 3
255 747 4
255 755 4
255 778 3
255 898 1
255 934 3
255 939 3
256 1 3
256 3 4
256 4 2
256 12 4
256 13 4
256 22 4
256 23 5
256 32 4
256 42 3
256 46 3
256 50 5
256 53 3
256 54 5
256 57 3
256 60 4
256 61 4
256 68 4
256 69 2
256 79 4
256 80 3
256 86 3
256 91 2
256 92 4
256 95 4
256 97 3
256 99 4
256 100 5
256 101 5
256 111 4
256 125 3
256 127 4
256 133 3
256 135 5
256 143 4
256 161 3
256 168 4
256 170 3
256 172 5
256 174 4
256 175 4
256 177 3
256 179 5
256 180 4
256 181 4
256 182 5
256 185 5
256 186 4
256 187 4
256 188 4
256 194 4
256 196 3
256 197 4
256 202 4
256 208 4
256 210 4
256 211 4
256 216 4
256 218 4
256 222 3
256 226 3
256 228 3
256 231 2
256 232 2
256 234 5
256 238 4
256 268 3
256 273 4
256 274 3
256 282 4
256 286 5
256 294 4
256 325 3
256 346 4
256 357 4
256 366 4
256 369 1
256 380 3
256 403 5
256 410 3
256 414 3
256 419 3
256 421 3
256 423 4
256 427 4
256 431 4
256 432 2
256 433 4
256 443 4
256 447 5
256 448 5
256 449 2
256 452 4
256 460 1
256 461 2
256 462 2
256 474 5
256 475 4
256 479 4
256 484 3
256 490 3
256 498 4
256 505 3
256 506 3
256 508 4
256 523 2
256 546 3
256 559 2
256 568 3
256 578 4
256 581 3
256 582 3
256 603 3
256 608 3
256 640 3
256 655 4
256 658 4
256 660 4
256 662 4
256 672 3
256 673 4
256 693 4
256 696 3
256 708 4
256 710 3
256 715 5
256 720 3
256 721 2
256 737 2
256 743 1
256 763 4
256 789 4
256 806 4
256 818 3
256 845 3
256 864 1
256 919 4
256 922 3
256 933 1
256 943 3
256 955 3
256 959 3
256 963 4
256 979 3
256 985 3
257 4 5
257 7 4
257 8 5
257 9 4
257 11 5
257 12 5
257 14 5
257 15 5
257 20 5
257 22 4
257 27 4
257 31 4
257 38 5
257 44 4
257 45 5
257 48 5
257 50 5
257 51 5
257 52 4
257 53 3
257 54 4
257 56 5
257 57 5
257 58 4
257 59 5
257 62 4
257 64 5
257 65 4
257 66 4
257 70 4
257 77 4
257 79 5
257 82 5
257 86 4
257 89 5
257 91 5
257 94 4
257 96 5
257 97 5
257 100 5
257 105 3
257 111 4
257 114 5
257 117 4
257 118 4
257 122 4
257 127 5
257 134 5
257 137 5
257 143 4
257 144 5
257 148 3
257 151 4
257 155 3
257 156 4
257 157 5
257 161 3
257 162 4
257 164 5
257 168 5
257 172 5
257 173 5
257 174 5
257 176 5
257 180 4
257 181 5
257 182 5
257 183 5
257 185 5
257 186 5
257 190 5
257 191 4
257 192 5
257 193 5
257 194 4
257 196 5
257 197 5
257 200 5
257 203 4
257 204 5
257 209 5
257 214 4
257 215 5
257 216 4
257 218 5
257 219 3
257 223 5
257 226 4
257 228 4
257 229 3
257 230 4
257 231 3
257 232 3
257 234 5
257 235 2
257 237 4
257 239 4
257 240 2
257 241 4
257 243 3
257 248 4
257 257 3
257 258 4
257 265 4
257 282 5
257 285 4
257 288 5
257 304 4
257 318 5
257 357 5
257 370 4
257 372 4
257 373 4
257 378 5
257 380 4
257 385 4
257 393 2
257 395 4
257 401 4
257 402 4
257 403 5
257 405 3
257 410 4
257 411 4
257 412 2
257 417 3
257 425 4
257 428 5
257 436 5
257 443 5
257 448 4
257 450 2
257 452 5
257 453 4
257 455 5
257 456 2
257 458 3
257 462 5
257 469 5
257 470 3
257 471 4
257 472 3
257 473 3
257 474 5
257 476 2
257 483 5
257 500 5
257 507 5
257 509 4
257 527 5
257 529 4
257 531 4
257 540 2
257 546 4
257 549 4
257 553 3
257 554 3
257 559 5
257 566 4
257 568 5
257 582 4
257 584 4
257 588 3
257 597 3
257 623 2
257 628 4
257 629 4
257 631 3
257 632 5
257 636 3
257 640 4
257 651 5
257 655 5
257 658 5
257 664 4
257 673 5
257 679 4
257 692 3
257 699 4
257 704 3
257 708 4
257 709 5
257 717 2
257 720 3
257 722 5
257 727 5
257 729 4
257 732 3
257 739 4
257 742 3
257 744 4
257 747 4
257 755 4
257 758 4
257 769 5
257 770 4
257 775 3
257 783 3
257 792 4
257 819 3
257 825 4
257 841 4
257 845 5
257 871 2
257 931 2
257 934 2
257 948 4
257 949 5
257 959 5
257 980 4
258 8 5
258 9 4
258 12 5
258 14 5
258 20 5
258 23 4
258 25 3
258 28 4
258 32 1
258 48 4
258 50 5
258 57 4
258 58 4
258 86 4
258 96 5
258 98 5
258 117 3
258 121 3
258 124 4
258 126 4
258 127 5
258 129 4
258 134 5
258 143 4
258 144 4
258 147 4
258 152 3
258 169 3
258 174 5
258 178 4
258 179 4
258 180 4
258 182 4
258 183 3
258 187 5
258 189 4
258 190 4
258 191 4
258 192 5
258 193 4
258 195 3
258 203 3
258 208 4
258 209 3
258 234 4
258 237 3
258 238 5
258 245 3
258 250 4
258 255 3
258 273 4
258 278 3
258 282 4
258 284 3
258 285 5
258 286 5
258 287 4
258 288 3
258 289 3
258 293 4
258 298 3
258 301 4
258 304 3
258 307 3
258 317 4
258 318 5
258 319 4
258 321 4
258 333 3
258 346 1
258 357 5
258 387 4
258 405 3
258 408 3
258 410 3
258 423 5
258 425 2
258 427 5
258 430 4
258 461 4
258 467 3
258 469 3
258 473 3
258 474 4
258 496 5
258 509 4
258 514 5
258 517 3
258 521 4
258 526 4
258 529 5
258 530 4
258 546 3
258 582 5
258 588 4
258 589 3
258 591 4
258 596 3
258 603 4
258 632 5
258 644 4
258 648 4
258 651 2
258 654 2
258 663 4
258 685 3
258 694 4
258 696 3
258 704 3
258 709 3
258 717 3
258 736 4
258 742 3
258 744 4
258 750 4
258 753 4
258 792 5
258 844 3
258 847 4
258 896 3
258 925 3
258 939 3
258 952 4
258 956 5
258 980 3
259 1 3
259 3 2
259 7 2
259 8 3
259 15 2
259 16 2
259 19 2
259 22 3
259 25 2
259 79 3
259 100 3
259 108 1
259 111 2
259 117 2
259 120 2
259 121 2
259 123 2
259 147 3
259 148 3
259 164 2
259 172 3
259 174 3
259 181 3
259 194 3
259 216 3
259 220 1
259 222 1
259 225 1
259 230 2
259 245 1
259 249 2
259 250 2
259 255 4
259 258 3
259 260 2
259 264 3
259 274 3
259 278 2
259 282 3
259 286 2
259 289 2
259 291 1
259 295 1
259 300 2
259 301 2
259 322 3
259 323 2
259 328 2
259 332 2
259 333 2
259 357 3
259 358 1
259 411 2
259 472 2
259 473 3
259 523 1
259 568 3
259 596 1
259 597 2
259 651 3
259 676 2
259 678 3
259 685 2
259 687 1
259 742 3
259 748 2
259 815 3
259 825 2
259 827 2
259 846 2
259 864 2
259 866 2
259 873 2
259 879 2
259 934 3
259 969 2
259 978 2
259 989 2
259 993 2
260 1 4
260 7 4
260 10 4
260 14 4
260 20 4
260 117 4
260 127 4
260 129 4
260 146 4
260 149 4
260 224 4
260 242 4
260 250 4
260 253 4
260 257 4
260 258 4
260 273 4
260 275 4
260 276 4
260 279 4
260 285 4
260 286 4
260 289 4
260 293 4
260 294 4
260 297 4
260 301 4
260 303 4
260 307 4
260 311 4
260 322 4
260 458 4
260 515 4
260 532 4
260 591 4
260 676 4
260 713 4
260 744 4
260 847 4
261 9 4
261 50 3
261 121 2
261 242 3
261 255 4
261 285 4
261 302 3
261 304 3
261 313 3
261 319 2
261 321 2
262 11 4
262 100 5
262 237 5
262 259 4
262 271 4
262 272 5
262 288 5
262 289 4
262 292 4
262 300 4
262 310 3
262 313 5
262 315 3
262 323 5
262 330 4
262 332 4
262 678 4
262 866 4
262 895 4
263 3 2
263 7 4
263 13 3
263 14 4
263 15 4
263 20 4
263 21 3
263 24 4
263 50 4
263 93 2
263 100 4
263 103 1
263 107 3
263 112 3
263 116 2
263 117 4
263 121 3
263 124 4
263 126 5
263 137 4
263 147 4
263 149 3
263 150 4
263 151 4
263 221 3
263 224 2
263 225 4
263 235 3
263 242 4
263 243 4
263 244 4
263 249 3
263 250 3
263 253 3
263 257 4
263 258 4
263 268 4
263 270 3
263 274 3
263 283 4
263 284 4
263 285 4
263 288 3
263 301 4
263 304 5
263 306 4
263 310 4
263 311 2
263 319 3
263 347 2
263 362 4
263 410 3
263 455 4
263 472 3
263 473 3
263 475 4
263 477 3
263 508 4
263 544 2
263 593 4
263 597 3
263 689 4
263 741 3
263 744 4
263 751 3
263 813 3
263 819 3
263 845 3
263 864 3
263 870 3
263 880 3
263 887 4
263 926 3
263 930 3
263 950 3
263 952 4
263 988 2
263 993 3
264 16 5
264 116 5
264 176 5
264 181 5
264 248 5
264 258 5
264 260 3
264 264 4
264 269 5
264 286 5
264 289 2
264 294 4
264 298 4
264 300 4
264 302 4
264 321 3
264 322 4
264 326 5
264 328 4
264 333 4
264 482 4
264 603 5
264 678 4
264 705 4
264 709 5
264 879 4
264 984 4
265 1 4
265 7 4
265 8 4
265 12 5
265 22 4
265 32 3
265 50 5
265 56 4
265 64 5
265 87 4
265 97 4
265 100 4
265 114 5
265 132 4
265 134 4
265 136 4
265 143 4
265 154 4
265 169 5
265 172 4
265 174 4
265 175 4
265 179 4
265 180 4
265 181 4
265 190 4
265 191 4
265 194 5
265 198 4
265 199 5
265 202 4
265 216 4
265 257 4
265 258 4
265 283 4
265 286 4
265 300 3
265 318 4
265 319 4
265 395 3
265 404 4
265 428 5
265 474 4
265 475 3
265 477 4
265 478 4
265 481 4
265 496 4
265 511 5
265 525 3
265 529 4
265 584 3
265 588 4
265 603 4
265 615 4
265 638 4
265 651 5
265 855 4
266 2 4
266 11 5
266 22 5
266 24 5
266 27 4
266 50 5
266 55 5
266 56 5
266 62 4
266 68 3
266 79 4
266 82 3
266 87 5
266 89 5
266 95 4
266 96 5
266 98 5
266 117 5
266 127 4
266 144 5
266 172 3
266 174 5
266 176 4
266 182 5
266 183 4
266 184 4
266 187 4
266 188 5
266 210 5
266 231 5
266 232 4
266 258 5
266 265 4
266 268 5
266 269 5
266 273 4
266 288 4
266 292 5
266 294 3
266 302 5
266 306 5
266 308 4
266 313 4
266 315 2
266 321 3
266 324 5
266 326 4
266 327 5
266 328 5
266 331 5
266 333 4
266 334 5
266 344 4
266 346 4
266 349 4
266 350 4
266 354 3
266 385 5
266 405 5
266 455 4
266 518 5
266 546 4
266 550 5
266 566 4
266 568 5
266 651 4
266 682 4
266 748 4
266 873 4
266 882 4
266 885 4
266 898 4
266 908 4
267 1 5
267 10 5
267 24 5
267 50 5
267 93 5
267 108 4
267 109 4
267 117 5
267 124 5
267 150 5
267 240 4
267 246 5
267 248 5
267 249 4
267 257 5
267 264 4
267 268 5
267 273 5
267 288 5
267 298 5
267 340 5
267 455 4
267 475 5
267 742 5
267 762 5
267 919 5
268 1 5
268 4 5
268 7 5
268 8 5
268 12 5
268 13 5
268 15 5
268 19 5
268 22 5
268 23 5
268 25 4
268 31 5
268 39 4
268 42 5
268 47 5
268 51 5
268 56 5
268 58 5
268 69 4
268 70 5
268 71 5
268 95 5
268 96 5
268 97 5
268 98 5
268 100 4
268 111 5
268 116 5
268 118 4
268 121 4
268 126 5
268 132 5
268 137 5
268 144 5
268 150 5
268 153 5
268 159 4
268 160 5
268 170 5
268 172 5
268 173 5
268 178 5
268 180 4
268 181 5
268 182 5
268 191 5
268 195 5
268 200 4
268 209 5
268 214 3
268 216 5
268 222 5
268 238 5
268 249 4
268 251 5
268 257 5
268 258 5
268 273 5
268 275 5
268 283 5
268 285 5
268 294 4
268 297 5
268 318 5
268 321 5
268 357 5
268 367 5
268 372 5
268 377 4
268 405 4
268 411 3
268 423 5
268 427 5
268 428 5
268 435 5
268 461 5
268 462 5
268 469 4
268 471 5
268 475 5
268 498 5
268 507 5
268 529 4
268 544 4
268 582 5
268 603 5
268 612 4
268 642 5
268 655 5
268 692 4
268 699 5
268 724 5
268 742 4
268 826 3
268 856 4
268 926 5
268 952 4
269 10 5
269 64 5
269 65 5
269 127 4
269 134 5
269 136 5
269 153 5
269 173 4
269 194 5
269 286 4
269 306 4
269 474 5
269 483 5
269 484 5
269 490 5
269 495 5
269 499 5
269 507 3
269 511 5
269 513 5
269 520 5
269 582 5
269 605 4
269 610 4
269 611 5
269 641 5
269 654 5
269 705 5
269 855 5
270 9 4
270 13 3
270 19 4
270 50 5
270 93 3
270 100 4
270 118 3
270 125 4
270 137 4
270 150 3
270 221 4
270 235 2
270 246 4
270 248 3
270 257 4
270 258 4
270 276 3
270 283 3
270 284 4
270 285 5
270 286 3
270 288 3
270 293 3
270 294 3
270 295 4
270 360 3
270 458 4
270 471 4
270 475 3
270 508 3
270 544 4
270 546 3
270 813 3
270 847 4
270 919 3
270 950 4
270 952 1
271 1 5
271 50 5
271 99 4
271 102 5
271 140 5
271 151 4
271 225 5
271 404 4
271 422 4
271 465 4
271 477 4
271 588 5
271 596 2
271 768 4
271 878 4
271 932 4
271 969 2
272 1 5
272 2 5
272 3 4
272 4 3
272 7 5
272 11 5
272 12 5
272 21 4
272 24 4
272 27 5
272 28 5
272 29 4
272 33 4
272 38 5
272 41 3
272 43 5
272 49 4
272 51 4
272 56 4
272 63 5
272 64 5
272 66 4
272 68 4
272 69 5
272 71 5
272 72 4
272 73 4
272 78 3
272 79 5
272 80 4
272 82 5
272 88 5
272 90 4
272 94 5
272 97 5
272 99 4
272 101 4
272 109 4
272 117 5
272 118 5
272 120 3
272 122 3
272 123 4
272 132 4
272 135 5
272 141 5
272 151 4
272 161 5
272 168 5
272 172 5
272 173 5
272 174 5
272 175 5
272 177 5
272 181 5
272 183 5
272 185 5
272 186 5
272 193 4
272 195 5
272 196 5
272 204 5
272 210 5
272 215 5
272 217 5
272 218 4
272 226 4
272 228 4
272 229 4
272 232 4
272 233 4
272 234 5
272 239 5
272 240 3
272 250 5
272 254 3
272 255 5
272 258 5
272 260 3
272 271 4
272 288 5
272 313 5
272 318 5
272 323 5
272 343 5
272 355 4
272 358 5
272 362 4
272 365 4
272 368 4
272 370 3
272 373 5
272 374 5
272 375 4
272 378 5
272 380 5
272 384 5
272 386 3
272 391 3
272 392 4
272 393 5
272 395 4
272 400 3
272 401 5
272 404 4
272 411 4
272 416 5
272 417 5
272 418 4
272 431 4
272 443 4
272 449 4
272 455 4
272 465 5
272 473 4
272 475 5
272 477 3
272 485 4
272 496 5
272 501 4
272 540 3
272 541 4
272 546 4
272 548 4
272 550 5
272 552 3
272 559 4
272 561 4
272 562 5
272 567 4
272 568 5
272 569 3
272 576 5
272 577 4
272 578 4
272 584 5
272 588 5
272 597 4
272 625 4
272 633 5
272 655 4
272 658 5
272 665 4
272 672 3
272 682 5
272 685 4
272 715 4
272 720 5
272 739 5
272 742 5
272 743 4
272 747 4
272 748 3
272 751 4
272 755 5
272 756 4
272 758 3
272 760 5
272 763 5
272 768 5
272 771 2
272 780 4
272 790 4
272 796 4
272 810 5
272 826 4
272 834 4
272 877 4
272 890 4
272 895 4
272 924 4
272 928 5
272 930 4
272 931 4
272 940 5
272 951 4
272 977 4
273 9 4
273 14 5
273 25 3
273 116 3
273 124 4
273 129 4
273 137 4
273 242 4
273 257 4
273 273 4
273 275 5
273 276 4
273 293 5
273 302 4
273 303 4
273 319 4
273 321 3
273 327 4
273 508 4
273 547 2
274 7 5
274 8 4
274 11 5
274 12 5
274 13 5
274 14 5
274 15 5
274 22 5
274 23 4
274 26 4
274 42 5
274 44 5
274 45 3
274 48 4
274 50 5
274 52 3
274 58 4
274 60 3
274 61 3
274 64 5
274 66 5
274 68 4
274 69 5
274 71 5
274 72 4
274 73 5
274 76 3
274 77 4
274 79 5
274 83 4
274 86 3
274 87 5
274 88 3
274 89 5
274 92 3
274 97 4
274 98 5
274 99 4
274 100 5
274 107 3
274 116 4
274 121 5
274 131 3
274 132 5
274 134 5
274 135 5
274 136 5
274 141 3
274 150 5
274 161 5
274 170 3
274 171 2
274 172 5
274 173 5
274 175 4
274 176 5
274 178 3
274 179 4
274 180 4
274 181 5
274 182 5
274 183 5
274 191 5
274 192 4
274 193 3
274 194 5
274 195 5
274 196 4
274 198 5
274 199 3
274 203 4
274 205 5
274 207 4
274 208 2
274 209 4
274 210 5
274 211 5
274 212 4
274 215 5
274 216 5
274 218 5
274 221 2
274 227 4
274 230 5
274 234 5
274 237 5
274 238 4
274 244 2
274 248 3
274 252 5
274 257 5
274 258 5
274 274 5
274 275 3
274 276 4
274 282 5
274 283 5
274 285 4
274 286 4
274 288 5
274 289 5
274 291 4
274 293 5
274 298 4
274 302 5
274 313 5
274 315 5
274 316 5
274 317 3
274 322 4
274 326 4
274 346 5
274 356 5
274 380 4
274 382 5
274 385 5
274 410 5
274 414 4
274 416 4
274 418 4
274 419 4
274 430 4
274 434 3
274 435 4
274 436 2
274 461 4
274 463 4
274 470 5
274 474 4
274 475 3
274 478 3
274 480 5
274 481 4
274 483 5
274 484 4
274 486 5
274 488 4
274 489 4
274 490 5
274 491 5
274 493 5
274 495 5
274 496 5
274 497 4
274 498 4
274 499 5
274 503 4
274 506 2
274 507 5
274 508 4
274 510 5
274 511 5
274 513 4
274 514 4
274 517 4
274 518 2
274 519 4
274 520 5
274 521 5
274 525 3
274 526 5
274 527 5
274 528 5
274 529 5
274 530 4
274 553 5
274 566 5
274 584 4
274 591 5
274 601 5
274 602 5
274 603 5
274 604 4
274 605 4
274 607 4
274 610 4
274 614 5
274 615 4
274 617 4
274 618 4
274 628 4
274 633 2
274 641 4
274 642 4
274 646 2
274 648 4
274 649 4
274 651 5
274 653 4
274 657 4
274 659 4
274 660 5
274 661 4
274 664 4
274 676 4
274 684 5
274 685 4
274 692 5
274 696 4
274 697 4
274 699 4
274 705 2
274 707 4
274 708 4
274 709 4
274 735 3
274 736 3
274 744 4
274 756 3
274 789 4
274 792 4
274 836 4
274 848 4
274 921 3
274 923 2
274 939 5
274 943 4
274 945 4
274 963 4
274 966 5
274 971 4
274 996 4
275 50 4
275 70 4
275 100 4
275 259 1
275 315 4
275 347 4
275 381 3
276 4 3
276 26 3
276 33 2
276 42 3
276 56 1
276 67 3
276 72 2
276 73 3
276 80 3
276 83 3
276 85 4
276 88 4
276 168 3
276 173 4
276 175 1
276 186 3
276 194 4
276 202 4
276 208 3
276 209 3
276 211 3
276 216 3
276 232 2
276 238 2
276 239 4
276 288 3
276 300 4
276 328 2
276 343 3
276 367 2
276 386 2
276 579 3
276 585 3
276 648 3
276 655 3
276 692 3
276 710 2
276 712 2
276 715 3
276 734 2
276 738 1
276 748 2
276 765 2
276 781 3
276 790 3
276 792 2
276 944 3
276 999 3
277 20 4
277 25 3
277 36 4
277 88 4
277 90 4
277 237 5
277 255 5
277 280 5
277 282 4
277 289 4
277 294 4
277 553 4
277 709 4
277 722 4
277 724 5
277 732 4
277 778 3
277 781 5
277 815 4
277 846 4
278 1 5
278 7 4
278 17 4
278 23 3
278 26 5
278 28 4
278 40 5
278 41 5
278 42 3
278 48 4
278 50 5
278 65 5
278 72 4
278 77 4
278 79 5
278 81 5
278 93 5
278 98 5
278 111 5
278 122 4
278 134 5
278 137 5
278 143 5
278 145 3
278 151 5
278 160 4
278 161 4
278 168 5
278 188 5
278 196 5
278 216 5
278 218 4
278 219 2
278 222 5
278 231 4
278 237 5
278 238 5
278 276 5
278 288 4
278 300 4
278 318 5
278 327 4
278 340 5
278 350 4
278 354 3
278 357 5
278 367 5
278 369 5
278 392 3
278 403 4
278 410 4
278 412 3
278 427 5
278 447 4
278 451 5
278 467 4
278 469 4
278 518 5
278 568 5
278 591 4
278 604 5
278 616 3
278 655 5
278 658 4
278 673 4
278 684 5
278 739 4
278 743 5
278 763 3
278 843 3
278 866 4
278 959 4
278 975 3
279 1 4
279 8 5
279 24 3
279 28 4
279 31 4
279 50 5
279 54 3
279 55 4
279 58 4
279 66 3
279 70 4
279 71 4
279 79 4
279 82 4
279 88 3
279 89 4
279 95 4
279 96 4
279 97 4
279 100 4
279 101 2
279 108 3
279 111 4
279 117 4
279 118 4
279 121 4
279 122 2
279 127 4
279 133 3
279 135 4
279 147 4
279 148 3
279 161 3
279 168 4
279 172 4
279 173 4
279 174 5
279 175 5
279 176 4
279 177 4
279 179 4
279 180 4
279 181 4
279 182 3
279 183 5
279 185 4
279 187 4
279 188 3
279 189 4
279 190 4
279 195 5
279 197 4
279 198 5
279 201 3
279 204 5
279 209 4
279 210 5
279 211 4
279 213 3
279 215 4
279 216 4
279 226 4
279 228 4
279 230 4
279 241 3
279 248 4
279 249 3
279 255 2
279 257 4
279 258 4
279 261 2
279 264 3
279 265 4
279 266 4
279 270 3
279 272 5
279 281 3
279 282 4
279 283 3
279 286 4
279 288 3
279 294 3
279 295 3
279 298 2
279 300 4
279 304 4
279 318 4
279 324 4
279 328 4
279 356 4
279 358 3
279 380 4
279 385 4
279 398 3
279 405 3
279 421 4
279 422 2
279 423 4
279 436 5
279 455 3
279 463 5
279 472 3
279 479 4
279 483 4
279 489 4
279 500 4
279 510 4
279 511 3
279 523 4
279 526 2
279 528 4
279 535 4
279 546 3
279 566 4
279 588 4
279 602 4
279 604 4
279 616 3
279 629 4
279 632 5
279 640 4
279 651 4
279 655 4
279 680 4
279 688 1
279 692 4
279 727 4
279 732 4
279 739 3
279 748 3
279 751 4
279 752 3
279 840 3
279 879 4
279 931 2
279 945 3
280 8 5
280 12 5
280 64 5
280 96 5
280 100 5
280 114 4
280 127 4
280 165 4
280 166 4
280 172 5
280 175 5
280 183 5
280 190 4
280 191 4
280 203 4
280 213 5
280 237 5
280 257 5
280 265 5
280 272 4
280 294 5
280 298 5
280 319 1
280 347 4
280 462 5
280 479 5
280 483 5
280 504 5
280 510 4
280 511 5
280 517 4
280 603 4
280 615 4
280 642 4
280 661 5
280 705 4
280 863 4
281 42 4
281 50 5
281 66 5
281 70 4
281 86 4
281 100 5
281 153 4
281 163 3
281 173 5
281 190 5
281 197 5
281 204 5
281 207 5
281 210 4
281 238 5
281 283 5
281 313 5
281 318 5
281 322 3
281 367 4
281 427 5
281 430 5
281 435 4
281 479 5
281 484 5
281 505 4
281 507 4
281 514 5
281 524 4
281 596 4
281 648 5
281 650 4
281 678 3
281 780 3
282 50 4
282 127 4
282 257 4
282 288 2
282 289 3
282 295 3
282 298 3
282 301 4
282 321 3
282 748 3
282 876 3
282 881 1
283 1 4
283 12 2
283 20 3
283 99 2
283 107 4
283 116 3
283 121 5
283 144 2
283 151 3
283 180 3
283 181 5
283 195 4
283 197 4
283 199 3
283 229 3
283 230 3
283 237 4
283 249 2
283 250 4
283 257 4
283 270 3
283 271 2
283 277 3
283 286 3
283 290 4
283 318 4
283 365 3
283 380 4
283 405 4
283 432 4
283 449 3
283 462 4
283 480 3
283 538 2
283 582 5
283 612 5
283 743 5
283 900 3
284 1 5
284 7 5
284 9 5
284 15 4
284 24 3
284 25 4
284 28 5
284 29 4
284 50 5
284 51 4
284 53 4
284 56 4
284 70 5
284 71 4
284 73 5
284 79 5
284 82 5
284 94 4
284 96 5
284 97 5
284 98 5
284 111 5
284 122 3
284 135 4
284 136 4
284 143 5
284 144 5
284 150 3
284 151 4
284 168 5
284 173 5
284 174 5
284 181 5
284 195 5
284 202 5
284 204 5
284 216 5
284 222 5
284 227 5
284 229 5
284 230 5
284 234 4
284 235 3
284 237 5
284 239 4
284 248 5
284 250 5
284 252 4
284 255 5
284 257 5
284 258 5
284 265 5
284 274 5
284 275 5
284 293 5
284 294 4
284 300 5
284 313 5
284 315 5
284 318 5
284 343 4
284 385 5
284 392 5
284 399 4
284 405 4
284 419 4
284 422 5
284 427 5
284 431 5
284 449 5
284 451 4
284 463 5
284 472 4
284 510 4
284 550 4
284 560 4
284 562 4
284 568 5
284 578 5
284 588 5
284 597 4
284 625 4
284 651 5
284 655 5
284 665 4
284 679 4
284 692 3
284 699 5
284 746 5
284 755 5
284 778 5
284 823 4
284 829 4
284 849 4
284 879 4
284 926 4
285 245 1
285 288 3
285 289 2
285 294 2
285 303 1
285 313 3
285 321 3
285 326 1
285 330 2
285 341 3
285 748 2
286 1 4
286 3 3
286 7 3
286 10 3
286 13 5
286 14 3
286 15 3
286 20 3
286 93 3
286 109 3
286 111 4
286 117 3
286 121 4
286 123 3
286 124 3
286 127 3
286 129 3
286 137 4
286 146 3
286 147 3
286 150 3
286 151 5
286 181 3
286 220 1
286 221 3
286 235 4
286 236 3
286 237 2
286 245 3
286 248 3
286 250 3
286 255 3
286 257 3
286 258 3
286 262 3
286 264 3
286 270 3
286 273 5
286 275 3
286 276 3
286 277 3
286 280 3
286 282 3
286 284 2
286 285 3
286 286 3
286 287 3
286 295 3
286 298 3
286 299 3
286 300 3
286 305 3
286 319 3
286 321 3
286 322 1
286 327 3
286 331 3
286 332 3
286 333 3
286 336 3
286 471 3
286 475 5
286 476 1
286 508 4
286 591 3
286 595 3
286 597 3
286 620 3
286 628 3
286 678 3
286 689 3
286 696 4
286 717 3
286 718 3
286 742 1
286 748 3
286 762 3
286 766 3
286 818 3
286 823 3
286 845 3
286 846 3
286 864 3
286 872 3
286 874 3
286 879 3
286 880 3
286 882 3
286 886 3
286 887 3
286 924 3
286 935 3
286 975 3
286 994 3
286 995 3
287 1 4
287 2 3
287 3 2
287 4 4
287 12 5
287 17 2
287 25 3
287 28 4
287 31 4
287 38 2
287 42 4
287 43 3
287 45 5
287 48 4
287 49 4
287 50 5
287 55 4
287 56 4
287 58 4
287 66 3
287 68 4
287 69 3
287 71 4
287 73 3
287 76 4
287 77 3
287 79 4
287 81 3
287 82 3
287 87 3
287 88 3
287 92 4
287 95 4
287 96 3
287 97 4
287 99 4
287 100 5
287 111 3
287 117 4
287 121 3
287 125 3
287 128 3
287 133 4
287 136 5
287 140 4
287 143 4
287 144 4
287 150 4
287 160 4
287 161 3
287 172 4
287 174 4
287 176 4
287 179 4
287 181 4
287 183 5
287 188 3
287 191 4
287 194 3
287 195 4
287 196 4
287 202 3
287 206 4
287 215 3
287 216 4
287 222 3
287 226 3
287 227 2
287 230 3
287 232 3
287 237 3
287 239 4
287 249 3
287 252 4
287 255 4
287 257 4
287 258 5
287 259 2
287 260 2
287 265 4
287 270 2
287 272 5
287 273 4
287 276 5
287 280 1
287 282 3
287 286 5
287 288 3
287 289 3
287 293 4
287 294 3
287 298 3
287 300 4
287 318 4
287 333 3
287 347 4
287 356 4
287 366 3
287 367 4
287 378 3
287 402 3
287 403 3
287 404 4
287 411 3
287 412 2
287 419 3
287 423 4
287 432 4
287 455 3
287 462 3
287 470 4
287 471 4
287 474 4
287 501 3
287 540 2
287 541 3
287 546 3
287 549 4
287 550 2
287 566 3
287 572 3
287 578 3
287 586 1
287 588 4
287 591 4
287 596 2
287 597 2
287 620 3
287 627 3
287 628 4
287 652 4
287 658 3
287 672 3
287 679 4
287 684 4
287 685 4
287 686 4
287 692 3
287 710 3
287 713 4
287 727 5
287 732 3
287 735 4
287 742 3
287 747 3
287 748 3
287 768 3
287 772 3
287 779 2
287 781 3
287 790 4
287 794 3
287 820 1
287 823 4
287 833 3
287 845 3
287 932 2
287 939 3
287 941 3
287 956 5
287 978 3
288 1 4
288 8 4
288 11 3
288 22 4
288 28 4
288 33 4
288 50 4
288 58 4
288 64 4
288 69 4
288 70 3
288 83 3
288 87 4
288 96 4
288 98 4
288 100 4
288 111 4
288 133 4
288 135 4
288 154 4
288 164 3
288 168 4
288 172 3
288 173 4
288 176 4
288 180 4
288 181 4
288 182 4
288 183 4
288 185 4
288 186 4
288 187 4
288 190 4
288 196 4
288 198 3
288 199 4
288 200 3
288 203 3
288 207 5
288 210 3
288 211 4
288 222 2
288 228 4
288 230 2
288 238 4
288 243 3
288 245 4
288 258 4
288 259 2
288 260 3
288 265 4
288 269 3
288 292 5
288 299 3
288 304 3
288 318 4
288 328 3
288 333 3
288 358 3
288 385 3
288 405 3
288 414 4
288 419 3
288 429 4
288 434 4
288 468 2
288 474 4
288 480 4
288 483 4
288 485 4
288 491 3
288 493 5
288 496 4
288 498 3
288 500 4
288 510 4
288 511 4
288 514 4
288 515 4
288 520 4
288 521 4
288 523 4
288 526 4
288 527 4
288 568 3
288 605 4
288 612 4
288 655 5
288 659 4
288 662 4
288 692 3
288 707 4
288 724 4
288 732 4
288 776 2
288 845 3
288 880 3
288 890 1
289 243 3
289 258 4
289 259 4
289 260 3
289 261 4
289 263 1
289 264 2
289 266 4
289 268 3
289 271 4
289 272 4
289 286 5
289 288 3
289 292 3
289 294 4
289 301 3
289 302 4
289 304 4
289 308 3
289 310 3
289 313 4
289 315 2
289 316 1
289 319 2
289 321 3
289 324 4
289 325 4
289 326 4
289 327 4
289 330 3
289 331 3
289 332 3
289 333 3
289 334 5
289 339 4
289 340 3
289 342 3
289 343 5
289 349 4
289 353 2
289 355 2
289 358 4
289 457 5
289 538 5
289 678 3
289 680 3
289 681 3
289 682 5
289 687 4
289 689 3
289 748 3
289 750 3
289 751 4
289 752 3
289 872 3
289 873 3
289 874 4
289 875 5
289 878 3
289 881 5
289 883 3
289 887 1
289 890 4
289 892 4
289 902 4
289 948 4
289 988 4
289 989 5
289 991 3
290 1 3
290 9 3
290 15 2
290 50 4
290 93 2
290 117 3
290 124 3
290 126 4
290 127 3
290 137 2
290 150 4
290 151 3
290 181 3
290 224 4
290 237 3
290 258 3
290 273 3
290 277 2
290 284 3
290 286 3
290 292 3
290 293 3
290 298 1
290 302 3
290 333 3
290 410 3
290 455 2
290 473 2
290 475 3
290 596 1
290 741 3
290 764 1
290 847 2
290 919 3
290 926 2
290 993 2
291 45 2
291 100 4
291 124 4
291 129 2
291 190 2
291 237 3
291 258 4
291 273 4
291 285 3
291 286 2
291 340 1
291 475 2
291 657 2
291 696 4
291 900 1
292 45 4
292 56 4
292 69 3
292 83 4
292 86 4
292 97 3
292 100 4
292 124 5
292 127 4
292 131 4
292 137 5
292 186 4
292 187 5
292 192 4
292 193 4
292 205 4
292 212 2
292 221 3
292 242 3
292 285 4
292 286 4
292 291 3
292 318 4
292 479 4
292 482 5
292 483 5
292 492 4
292 511 4
292 523 4
292 527 4
292 528 4
292 531 4
292 654 4
292 772 3
293 1 4
293 7 4
293 11 5
293 12 4
293 22 4
293 24 4
293 48 3
293 50 5
293 59 4
293 60 4
293 65 5
293 69 3
293 71 4
293 79 4
293 82 4
293 91 3
293 95 3
293 96 3
293 98 4
293 100 5
293 115 3
293 117 4
293 118 3
293 121 2
293 124 4
293 127 4
293 150 5
293 151 4
293 154 5
293 156 4
293 168 5
293 171 4
293 172 5
293 173 4
293 174 4
293 175 4
293 176 4
293 180 5
293 181 4
293 182 5
293 183 5
293 188 3
293 191 5
293 192 4
293 195 4
293 196 4
293 209 5
293 210 4
293 222 3
293 234 5
293 235 4
293 238 5
293 239 3
293 250 4
293 252 2
293 257 4
293 258 4
293 260 2
293 264 3
293 265 4
293 271 4
293 273 4
293 275 4
293 284 3
293 288 3
293 300 3
293 318 4
293 323 3
293 327 3
293 328 3
293 343 4
293 357 4
293 369 1
293 404 4
293 405 3
293 410 4
293 411 3
293 431 4
293 455 3
293 462 4
293 475 5
293 483 5
293 527 5
293 528 5
293 546 3
293 550 1
293 597 2
293 647 5
293 652 4
293 684 4
293 687 1
293 693 4
293 742 3
293 746 3
293 751 3
293 754 3
293 762 3
293 763 3
293 876 3
293 879 3
293 886 3
293 890 3
293 925 3
294 9 4
294 50 5
294 64 5
294 65 3
294 86 2
294 98 4
294 100 4
294 107 3
294 126 5
294 174 5
294 183 4
294 191 4
294 194 5
294 199 3
294 222 5
294 237 4
294 286 4
294 289 5
294 294 4
294 322 4
294 357 4
294 427 5
294 507 2
294 528 3
294 748 3
295 2 4
295 4 4
295 11 4
295 29 3
295 44 4
295 50 5
295 53 3
295 54 3
295 56 4
295 64 5
295 68 1
295 69 4
295 71 4
295 79 4
295 84 3
295 86 3
295 88 4
295 89 4
295 90 3
295 91 3
295 94 3
295 95 4
295 98 4
295 101 4
295 109 3
295 120 2
295 121 4
295 132 4
295 133 4
295 139 3
295 140 3
295 143 4
295 144 4
295 145 3
295 147 3
295 151 3
295 153 4
295 155 4
295 157 4
295 158 4
295 161 3
295 162 3
295 163 3
295 167 3
295 168 4
295 172 4
295 173 4
295 176 4
295 179 3
295 181 5
295 184 5
295 186 4
295 188 3
295 191 4
295 195 4
295 200 3
295 201 4
295 202 4
295 204 4
295 214 2
295 216 4
295 217 3
295 219 4
295 222 4
295 227 3
295 228 4
295 229 3
295 230 4
295 231 2
295 232 3
295 234 4
295 235 2
295 265 4
295 282 3
295 288 4
295 357 4
295 379 3
295 380 4
295 385 4
295 386 3
295 389 3
295 391 3
295 392 3
295 395 3
295 402 3
295 403 3
295 404 3
295 413 2
295 416 3
295 417 3
295 421 4
295 423 4
295 431 4
295 433 4
295 435 4
295 444 3
295 447 4
295 449 4
295 451 4
295 452 3
295 465 3
295 470 3
295 472 3
295 478 4
295 479 4
295 496 4
295 501 4
295 504 3
295 505 4
295 507 4
295 523 4
295 559 3
295 566 4
295 575 4
295 581 3
295 616 4
295 622 3
295 629 3
295 642 4
295 650 4
295 658 4
295 660 4
295 665 3
295 671 4
295 674 4
295 679 4
295 684 4
295 705 5
295 732 3
295 742 3
295 768 3
295 770 2
295 790 3
295 796 3
295 797 3
295 831 2
295 843 3
295 924 1
295 944 3
296 7 2
296 10 3
296 11 4
296 17 1
296 33 2
296 38 1
296 39 2
296 42 3
296 50 3
296 53 3
296 56 3
296 64 3
296 77 2
296 87 3
296 89 3
296 96 2
296 97 3
296 98 4
296 99 2
296 109 3
296 132 3
296 133 3
296 135 3
296 136 4
296 141 3
296 143 2
296 147 4
296 150 2
296 154 3
296 156 3
296 158 2
296 164 2
296 172 1
296 173 3
296 181 2
296 183 3
296 186 3
296 191 3
296 204 3
296 222 2
296 227 2
296 228 2
296 229 2
296 246 3
296 268 3
296 288 2
296 318 4
296 356 3
296 378 3
296 380 2
296 393 2
296 417 2
296 418 2
296 420 3
296 432 3
296 433 3
296 469 3
296 480 3
296 485 4
296 526 2
296 528 3
296 532 2
296 561 2
296 607 2
296 625 3
296 633 2
296 659 3
296 727 4
296 743 2
296 746 3
296 774 2
296 825 1
296 921 4
297 1 3
297 2 3
297 3 3
297 11 4
297 12 5
297 13 5
297 19 3
297 24 3
297 25 3
297 28 3
297 31 4
297 38 3
297 39 3
297 54 3
297 56 4
297 66 3
297 67 3
297 70 3
297 71 4
297 72 3
297 77 3
297 79 4
297 80 3
297 82 5
297 87 4
297 89 5
297 94 3
297 95 3
297 96 3
297 97 3
297 98 4
297 99 3
297 100 4
297 101 3
297 105 3
297 108 3
297 109 3
297 114 3
297 118 3
297 122 3
297 127 5
297 139 3
297 145 3
297 152 3
297 153 4
297 155 3
297 161 3
297 163 3
297 164 3
297 167 3
297 168 3
297 173 4
297 174 5
297 175 5
297 181 4
297 185 4
297 186 4
297 187 5
297 188 5
297 189 3
297 195 4
297 197 4
297 202 3
297 204 3
297 208 3
297 217 3
297 225 3
297 227 4
297 228 4
297 229 4
297 230 3
297 233 4
297 234 5
297 240 5
297 242 3
297 248 3
297 250 3
297 252 3
297 257 3
297 258 4
297 260 2
297 268 3
297 273 3
297 274 3
297 288 4
297 291 3
297 298 3
297 325 4
297 358 2
297 363 3
297 364 3
297 373 3
297 382 3
297 384 3
297 385 1
297 386 3
297 393 3
297 395 3
297 399 3
297 403 4
297 405 3
297 407 3
297 408 3
297 412 3
297 418 3
297 420 3
297 423 3
297 431 3
297 432 3
297 451 3
297 452 2
297 455 3
297 465 3
297 472 3
297 475 4
297 501 3
297 508 2
297 510 3
297 526 3
297 540 3
297 545 3
297 549 3
297 550 3
297 552 3
297 559 3
297 562 3
297 566 3
297 568 4
297 570 3
297 575 3
297 577 3
297 578 3
297 588 3
297 590 3
297 597 3
297 603 3
297 625 3
297 627 3
297 645 3
297 651 4
297 652 3
297 655 3
297 657 3
297 679 2
297 692 3
297 716 3
297 720 3
297 721 3
297 722 3
297 724 3
297 731 3
297 741 3
297 746 3
297 748 3
297 758 3
297 765 3
297 771 3
297 780 3
297 781 3
297 783 3
297 790 3
297 792 3
297 797 3
297 802 2
297 809 3
297 810 3
297 840 3
297 849 3
297 864 3
297 940 3
297 943 3
297 1000 3
298 10 3
298 11 4
298 12 4
298 23 1
298 32 2
298 50 4
298 53 5
298 56 5
298 59 2
298 61 2
298 79 4
298 83 4
298 89 4
298 98 5
298 121 2
298 124 3
298 127 4
298 136 3
298 137 2
298 144 4
298 150 2
298 151 4
298 156 4
298 160 2
298 164 5
298 168 4
298 171 4
298 172 3
298 175 5
298 176 3
298 182 4
298 183 4
298 186 5
298 187 4
298 191 4
298 192 3
298 197 4
298 202 4
298 203 4
298 204 4
298 210 4
298 212 1
298 218 5
298 222 3
298 228 4
298 229 3
298 258 5
298 262 5
298 271 2
298 275 2
298 288 4
298 293 4
298 302 5
298 340 1
298 381 2
298 425 4
298 435 5
298 443 4
298 447 5
298 449 2
298 464 3
298 474 4
298 475 4
298 483 5
298 484 1
298 486 2
298 489 2
298 512 2
298 514 4
298 515 4
298 522 3
298 525 4
298 538 5
298 548 3
298 554 4
298 558 5
298 591 4
298 594 4
298 603 3
298 631 3
298 649 3
298 652 1
298 656 5
298 664 3
298 675 5
298 693 3
298 754 2
298 772 5
298 806 1
298 887 1
298 919 4
298 922 3
298 985 3
299 8 5
299 11 4
299 12 5
299 50 5
299 87 5
299 97 5
299 117 4
299 127 5
299 132 5
299 136 5
299 153 5
299 157 4
299 176 5
299 177 5
299 181 5
299 182 5
299 183 5
299 191 5
299 193 5
299 194 5
299 198 4
299 202 5
299 207 5
299 210 5
299 213 5
299 215 5
299 238 5
299 251 5
299 271 3
299 272 5
299 275 5
299 295 3
299 300 4
299 301 3
299 307 3
299 312 2
299 313 5
299 318 5
299 326 4
299 357 5
299 414 5
299 425 4
299 463 5
299 474 5
299 482 5
299 483 5
299 484 5
299 486 4
299 497 5
299 511 5
299 516 5
299 520 5
299 521 5
299 530 5
299 539 2
299 605 4
299 651 5
299 657 5
299 661 5
299 663 5
299 664 4
299 690 4
299 692 4
299 742 4
299 750 5
299 879 3
299 886 5
299 887 5
299 902 4
300 1 4
300 3 3
300 8 4
300 9 4
300 25 2
300 28 3
300 30 4
300 39 4
300 42 3
300 43 2
300 44 4
300 45 4
300 50 4
300 56 4
300 58 2
300 61 4
300 62 2
300 69 3
300 70 3
300 72 3
300 83 2
300 88 4
300 89 4
300 94 2
300 97 4
300 98 4
300 100 4
300 111 4
300 116 3
300 118 3
300 120 1
300 125 3
300 129 3
300 133 4
300 135 4
300 143 4
300 147 3
300 159 3
300 164 3
300 172 4
300 175 4
300 179 4
300 181 4
300 196 4
300 202 3
300 204 4
300 208 4
300 210 4
300 211 4
300 216 4
300 217 2
300 223 5
300 234 4
300 235 2
300 237 4
300 238 4
300 244 5
300 245 3
300 246 2
300 250 3
300 252 2
300 255 2
300 257 2
300 258 4
300 268 4
300 274 3
300 275 4
300 276 4
300 281 2
300 282 3
300 283 4
300 284 3
300 285 4
300 287 3
300 294 3
300 298 3
300 300 2
300 301 2
300 304 2
300 316 2
300 325 2
300 381 3
300 386 2
300 387 3
300 393 3
300 396 3
300 405 2
300 407 5
300 412 4
300 421 3
300 448 2
300 464 5
300 469 3
300 471 2
300 472 2
300 475 4
300 476 2
300 498 4
300 509 4
300 514 5
300 517 3
300 522 4
300 529 4
300 531 3
300 535 3
300 553 2
300 559 2
300 568 3
300 569 2
300 584 2
300 611 3
300 619 3
300 639 4
300 640 4
300 660 3
300 662 4
300 665 2
300 699 4
300 708 3
300 709 4
300 714 4
300 721 2
300 729 2
300 735 2
300 739 2
300 742 3
300 762 3
300 768 2
300 775 3
300 780 1
300 781 2
300 815 3
300 821 3
300 827 3
300 836 2
300 845 3
300 930 2
300 964 3
300 971 4
300 988 3
300 996 3
