201 1 4
201 111 4
201 283 4
201 291 5
201 305 5
201 361 4
201 475 4
201 740 4
202 259 3
202 288 3
202 294 1
202 682 3
202 876 3
202 880 3
202 887 3
202 895 3
202 948 3
203 7 4
203 9 4
203 111 4
203 118 3
203 121 3
203 123 3
203 127 4
203 129 4
203 148 2
203 181 5
203 222 4
203 235 3
203 240 3
203 258 5
203 274 3
203 276 4
203 284 3
203 291 2
203 370 3
203 410 3
203 471 2
203 472 2
203 477 3
203 515 3
203 546 2
203 597 4
203 748 3
203 845 3
203 864 2
203 866 3
203 925 3
203 928 3
204 22 3
204 66 3
204 243 3
204 245 3
204 258 3
204 259 3
204 269 3
204 270 3
204 289 3
204 294 3
204 300 3
204 302 5
204 307 3
204 310 3
204 313 3
204 323 3
204 327 4
204 328 4
204 332 3
204 333 5
204 342 3
204 343 3
204 348 4
204 689 2
204 690 3
204 748 3
204 754 3
204 879 3
204 892 3
204 901 3
205 2 3
205 5 3
205 8 4
205 11 4
205 12 4
205 22 4
205 23 3
205 28 4
205 29 3
205 30 3
205 31 3
205 32 2
205 33 3
205 37 4
205 38 4
205 39 2
205 41 3
205 42 3
205 43 3
205 45 4
205 47 3
205 48 3
205 49 3
205 50 4
205 51 3
205 52 3
205 53 3
205 55 3
205 56 4
205 57 1
205 58 3
205 60 2
205 61 3
205 62 3
205 63 4
205 64 4
205 66 3
205 67 3
205 68 2
205 70 2
205 71 4
205 72 3
205 73 3
205 75 2
205 76 2
205 77 3
205 78 4
205 80 3
205 81 3
205 82 3
205 83 4
205 85 3
205 87 4
205 88 3
205 90 2
205 91 3
205 92 3
205 94 3
205 96 4
205 97 4
205 98 3
205 101 3
205 102 3
205 127 4
205 132 3
205 135 3
205 139 3
205 141 4
205 142 2
205 143 3
205 149 3
205 161 3
205 168 3
205 169 3
205 171 3
205 172 4
205 173 4
205 175 4
205 178 3
205 179 4
205 180 3
205 183 4
205 184 3
205 185 3
205 186 4
205 188 3
205 189 4
205 190 3
205 192 3
205 193 3
205 195 3
205 197 3
205 198 4
205 199 2
205 200 3
205 201 3
205 202 4
205 204 4
205 206 2
205 207 4
205 208 4
205 210 5
205 211 4
205 212 3
205 214 3
205 215 3
205 216 4
205 217 3
205 218 3
205 219 3
205 226 3
205 227 4
205 228 3
205 229 3
205 230 4
205 231 3
205 232 3
205 233 4
205 234 2
205 239 3
205 265 3
205 288 3
205 302 3
205 308 3
205 317 3
205 318 5
205 347 2
205 350 3
205 351 2
205 356 4
205 361 3
205 364 2
205 365 3
205 366 3
205 367 3
205 371 3
205 374 3
205 376 3
205 377 2
205 379 3
205 383 2
205 384 3
205 386 4
205 387 2
205 388 3
205 391 2
205 393 3
205 395 2
205 396 3
205 397 3
205 399 3
205 400 3
205 402 3
205 403 5
205 404 3
205 414 4
205 415 3
205 416 3
205 417 3
205 419 3
205 420 3
205 421 4
205 422 3
205 423 5
205 426 3
205 427 4
205 430 4
205 431 4
205 432 3
205 433 5
205 434 3
205 437 3
205 438 3
205 439 3
205 440 3
205 441 2
205 442 2
205 444 4
205 446 2
205 447 3
205 448 3
205 449 5
205 450 2
205 451 3
205 452 2
205 453 3
205 461 4
205 462 4
205 463 3
205 464 3
205 465 2
205 467 3
205 469 5
205 470 3
205 480 3
205 482 3
205 501 3
205 504 3
205 509 3
205 510 3
205 511 3
205 514 3
205 515 3
205 516 3
205 517 3
205 518 3
205 519 3
205 520 3
205 521 3
205 522 3
205 523 4
205 524 3
205 525 3
205 526 4
205 527 3
205 528 3
205 529 3
205 530 3
205 536 3
205 537 3
205 540 3
205 541 3
205 543 3
205 545 2
205 548 4
205 549 4
205 551 3
205 552 3
205 553 3
205 554 3
205 555 3
205 556 3
205 557 3
205 558 3
205 559 3
205 560 3
205 561 2
205 562 4
205 563 2
205 564 2
205 565 3
205 566 3
205 567 3
205 568 3
205 569 3
205 570 3
205 573 4
205 574 4
205 575 3
205 577 3
205 578 3
205 579 3
205 580 3
205 581 3
205 583 3
205 584 4
205 585 3
205 586 3
205 588 4
205 592 3
205 593 3
205 606 3
205 622 3
205 623 3
205 624 4
205 625 3
205 626 3
205 627 3
205 639 4
205 642 3
205 643 3
205 644 3
205 645 4
205 647 4
205 648 3
205 649 4
205 650 3
205 651 3
205 652 3
205 653 3
205 654 3
205 655 3
205 656 3
205 659 4
205 661 3
205 662 3
205 664 3
205 666 4
205 667 3
205 669 2
205 670 3
205 671 3
205 673 4
205 674 3
205 675 3
205 679 3
205 684 3
205 692 3
205 694 3
205 695 3
205 697 3
205 699 4
205 700 3
205 702 3
205 707 3
205 708 3
205 710 3
205 712 3
205 714 4
205 715 3
205 716 2
205 719 3
205 720 3
205 721 3
205 722 3
205 723 3
205 726 2
205 727 3
205 728 3
205 729 3
205 731 3
205 732 4
205 734 3
205 736 4
205 739 3
205 745 3
205 746 4
205 747 4
205 753 3
205 755 4
205 759 3
205 761 3
205 765 3
205 768 2
205 769 3
205 770 3
205 771 3
205 772 2
205 773 1
205 774 2
205 775 3
205 776 2
205 777 3
205 778 4
205 779 3
205 780 2
205 782 3
205 783 3
205 784 3
205 785 3
205 786 3
205 787 3
205 788 3
205 789 4
205 790 3
205 791 3
205 793 3
205 794 3
205 795 2
205 796 3
205 798 4
205 802 3
205 807 1
205 808 2
205 810 3
205 812 2
205 816 3
205 842 3
205 843 4
205 849 2
205 851 5
205 853 1
205 854 1
205 855 3
205 858 1
205 859 2
205 860 1
205 861 3
205 904 2
205 921 4
205 939 3
205 941 3
205 943 3
205 944 3
205 946 3
205 947 3
205 949 3
205 951 3
205 953 4
205 955 4
205 956 4
205 957 3
205 959 4
205 960 3
205 964 3
205 969 3
205 971 3
205 994 3
205 996 2
205 997 2
205 999 4
206 1 4
206 3 4
206 4 4
206 5 4
206 7 4
206 8 4
206 10 4
206 11 4
206 12 4
206 13 4
206 14 4
206 15 4
206 20 4
206 22 4
206 24 4
206 25 4
206 28 4
206 32 4
206 39 4
206 40 4
206 42 4
206 47 4
206 48 4
206 50 4
206 52 4
206 53 4
206 58 4
206 63 4
206 64 4
206 69 4
206 71 4
206 72 4
206 79 4
206 85 4
206 86 4
206 87 4
206 89 4
206 92 4
206 93 4
206 96 4
206 99 4
206 115 4
206 117 4
206 121 4
206 123 4
206 125 4
206 127 4
206 129 4
206 131 4
206 132 4
206 133 4
206 134 4
206 135 4
206 136 4
206 143 4
206 148 4
206 151 4
206 152 4
206 153 4
206 156 4
206 158 4
206 164 4
206 168 4
206 170 4
206 172 4
206 173 4
206 174 4
206 175 4
206 179 4
206 181 4
206 182 4
206 183 4
206 186 4
206 187 4
206 188 4
206 190 4
206 191 4
206 194 4
206 195 4
206 196 4
206 198 4
206 199 4
206 202 4
206 203 4
206 204 4
206 206 4
206 209 4
206 211 4
206 212 4
206 213 4
206 215 4
206 218 4
206 219 4
206 220 4
206 222 4
206 228 4
206 234 4
206 235 4
206 237 4
206 238 4
206 239 4
206 240 4
206 274 4
206 275 4
206 276 4
206 277 4
206 284 4
206 289 4
206 317 4
206 318 4
206 357 4
206 368 4
206 381 4
206 396 4
206 404 4
206 405 4
206 410 4
206 411 4
206 414 4
206 418 4
206 419 4
206 420 4
206 421 4
206 427 4
206 428 4
206 429 4
206 430 4
206 431 4
206 434 4
206 435 4
206 436 4
206 443 4
206 447 4
206 451 4
206 452 4
206 453 4
206 461 4
206 463 4
206 468 4
206 469 4
206 474 4
206 476 4
206 478 4
206 479 4
206 481 4
206 482 4
206 485 4
206 487 4
206 490 4
206 496 4
206 498 4
206 499 4
206 501 4
206 503 4
206 504 4
206 505 4
206 508 4
206 509 4
206 511 4
206 514 4
206 515 4
206 517 4
206 519 4
206 520 4
206 523 4
206 524 4
206 526 4
206 527 4
206 528 4
206 529 4
206 543 4
206 559 4
206 561 4
206 573 4
206 575 4
206 582 4
206 588 4
206 589 4
206 591 4
206 596 4
206 605 4
206 606 4
206 607 4
206 608 4
206 610 4
206 611 4
206 612 4
206 624 4
206 632 4
206 633 4
206 634 4
206 638 4
206 639 4
206 640 4
206 641 4
206 642 4
206 645 4
206 647 4
206 651 4
206 652 4
206 655 4
206 662 4
206 663 4
206 664 4
206 665 4
206 672 4
206 675 4
206 692 4
206 693 4
206 699 4
206 701 4
206 705 4
206 712 4
206 713 4
206 715 4
206 727 4
206 732 4
206 735 4
206 737 4
206 745 4
206 746 4
206 747 4
206 756 4
206 769 4
206 772 4
206 787 4
206 813 4
206 823 4
206 825 4
206 826 4
206 831 4
206 845 4
206 919 4
206 923 4
206 942 4
206 945 4
206 960 4
206 962 4
207 1 4
207 2 3
207 8 2
207 25 3
207 28 3
207 29 3
207 40 3
207 45 4
207 50 5
207 56 5
207 62 3
207 68 4
207 69 3
207 70 3
207 72 4
207 82 3
207 88 2
207 89 4
207 91 4
207 96 4
207 97 4
207 98 4
207 99 4
207 100 5
207 118 3
207 123 3
207 127 5
207 132 4
207 135 4
207 143 3
207 144 4
207 147 3
207 157 3
207 158 3
207 159 3
207 161 4
207 163 3
207 172 3
207 173 5
207 174 5
207 177 4
207 179 3
207 180 3
207 181 4
207 182 4
207 183 4
207 185 3
207 186 4
207 188 3
207 193 4
207 196 4
207 197 4
207 200 2
207 201 2
207 202 4
207 203 4
207 205 3
207 208 4
207 209 5
207 211 4
207 214 4
207 215 3
207 216 5
207 217 3
207 218 2
207 222 4
207 223 4
207 226 3
207 227 4
207 228 4
207 229 4
207 230 4
207 231 3
207 232 3
207 235 4
207 238 5
207 239 3
207 244 3
207 248 3
207 249 4
207 250 4
207 255 2
207 257 4
207 258 4
207 265 3
207 269 4
207 274 3
207 286 3
207 289 4
207 290 3
207 291 3
207 313 4
207 315 3
207 316 3
207 345 3
207 357 3
207 371 3
207 382 3
207 385 3
207 393 3
207 399 3
207 400 3
207 403 3
207 405 3
207 416 3
207 418 3
207 423 3
207 427 3
207 428 3
207 432 3
207 433 3
207 436 3
207 447 3
207 448 4
207 449 3
207 455 3
207 466 3
207 476 4
207 478 3
207 479 3
207 483 3
207 484 3
207 493 3
207 496 5
207 502 3
207 508 3
207 510 3
207 514 3
207 521 3
207 525 3
207 559 3
207 561 3
207 565 2
207 603 4
207 616 3
207 629 3
207 635 3
207 642 3
207 648 4
207 655 4
207 656 4
207 657 4
207 660 3
207 675 2
207 684 3
207 705 2
207 710 3
207 712 3
207 715 3
207 729 3
207 732 3
207 746 3
207 755 3
207 756 3
207 785 3
207 844 3
207 859 2
207 869 3
207 879 3
207 949 3
207 969 4
207 972 3
207 993 2
208 258 4
208 270 4
208 271 5
208 286 4
208 288 4
208 294 4
208 300 4
208 312 4
208 313 5
208 319 4
208 324 3
208 358 4
208 539 4
208 683 4
208 689 4
209 6 3
209 8 5
209 9 5
209 14 5
209 22 5
209 23 5
209 28 5
209 30 4
209 48 5
209 50 5
209 58 4
209 59 4
209 60 4
209 65 4
209 87 5
209 89 5
209 97 4
209 98 4
209 99 4
209 100 5
209 133 5
209 135 5
209 154 5
209 156 4
209 162 4
209 166 5
209 170 5
209 172 4
209 173 5
209 175 5
209 179 5
209 181 5
209 186 5
209 187 5
209 191 4
209 192 5
209 195 4
209 197 5
209 199 3
209 200 3
209 201 4
209 202 5
209 203 4
209 204 4
209 205 4
209 207 4
209 209 5
209 210 5
209 213 5
209 214 5
209 216 4
209 223 5
209 264 4
209 266 4
209 270 4
209 275 5
209 276 4
209 283 4
209 285 4
209 286 5
209 288 4
209 300 4
209 303 4
209 318 4
209 321 4
209 322 4
209 325 4
209 327 4
209 339 4
209 343 4
209 357 4
209 367 4
209 381 4
209 382 4
209 404 4
209 427 4
209 428 4
209 429 4
209 430 4
209 433 4
209 435 4
209 461 5
209 474 5
209 478 4
209 479 3
209 480 4
209 481 3
209 482 5
209 483 5
209 484 5
209 485 4
209 486 4
209 489 5
209 491 5
209 493 3
209 496 4
209 497 4
209 498 5
209 504 4
209 505 5
209 514 5
209 516 5
209 518 5
209 520 5
209 523 4
209 526 5
209 527 5
209 528 3
209 530 5
209 604 4
209 606 4
209 607 4
209 608 5
209 609 3
209 615 4
209 618 4
209 631 4
209 633 4
209 647 5
209 654 4
209 659 4
209 661 4
209 664 4
209 676 3
209 680 4
209 684 5
209 708 4
209 709 4
209 714 4
209 733 4
209 749 4
209 855 4
209 877 4
209 879 5
209 937 4
209 945 4
209 965 4
209 995 5
210 286 4
210 289 3
210 300 4
210 312 3
210 313 4
210 315 3
210 316 4
210 328 3
210 340 5
210 347 3
210 354 3
210 538 4
210 690 4
210 748 4
210 754 3
210 873 4
210 882 3
210 886 3
210 905 3
211 1 4
211 4 3
211 9 4
211 22 4
211 28 3
211 50 5
211 56 4
211 58 3
211 73 3
211 88 3
211 117 3
211 161 3
211 168 4
211 172 3
211 181 4
211 182 3
211 186 4
211 195 4
211 196 4
211 208 4
211 209 4
211 210 4
211 222 4
211 227 4
211 228 5
211 229 3
211 230 4
211 265 4
211 304 3
211 405 3
211 435 3
211 449 3
211 451 3
211 485 3
211 566 3
211 568 3
211 651 3
211 655 3
211 709 3
211 720 2
211 732 4
211 770 3
212 4 3
212 7 4
212 23 5
212 24 5
212 28 5
212 56 5
212 64 5
212 81 3
212 92 5
212 96 4
212 114 3
212 117 5
212 135 4
212 150 4
212 154 4
212 172 4
212 173 4
212 175 5
212 182 5
212 186 5
212 193 4
212 202 4
212 206 4
212 211 5
212 218 5
212 318 4
212 340 5
212 357 4
212 408 4
212 436 4
212 480 3
212 487 4
212 526 4
212 634 4
212 651 4
212 684 4
212 724 5
213 7 4
213 9 4
213 14 4
213 50 4
213 124 4
213 147 4
213 181 4
213 222 4
213 236 4
213 245 4
213 250 4
213 255 4
213 257 4
213 258 4
213 260 4
213 270 4
213 275 4
213 286 4
213 297 4
213 300 4
213 301 4
213 302 4
213 303 4
213 306 4
213 326 4
213 328 4
213 332 4
213 471 4
213 508 4
213 628 4
213 690 4
213 877 4
214 258 5
214 260 3
214 264 3
214 294 3
214 300 4
214 301 5
214 310 4
214 325 4
214 343 4
214 346 5
214 678 4
214 748 4
215 56 5
215 154 5
215 195 5
215 243 2
215 269 5
215 322 4
215 323 4
215 328 4
215 479 4
215 480 4
215 531 4
215 748 4
216 1 3
216 2 3
216 7 4
216 8 3
216 9 3
216 10 3
216 11 3
216 12 4
216 13 3
216 14 3
216 21 3
216 22 3
216 24 3
216 25 3
216 27 5
216 28 4
216 29 3
216 31 2
216 32 3
216 36 3
216 38 3
216 41 3
216 42 3
216 43 3
216 44 3
216 49 3
216 50 4
216 51 3
216 53 3
216 54 3
216 56 4
216 58 3
216 64 3
216 65 3
216 66 3
216 67 3
216 69 3
216 70 3
216 71 3
216 73 3
216 77 3
216 81 3
216 82 3
216 83 3
216 85 3
216 86 4
216 87 3
216 88 3
216 90 3
216 92 3
216 93 3
216 94 3
216 97 4
216 98 4
216 105 3
216 106 3
216 107 3
216 117 4
216 121 3
216 123 3
216 125 3
216 126 3
216 127 3
216 132 3
216 133 3
216 134 3
216 136 3
216 137 3
216 140 3
216 142 3
216 143 3
216 144 3
216 148 3
216 154 3
216 155 4
216 156 3
216 157 3
216 158 3
216 159 3
216 168 3
216 172 4
216 174 4
216 176 4
216 178 2
216 181 3
216 182 3
216 183 3
216 185 3
216 187 2
216 191 3
216 194 3
216 195 4
216 196 3
216 197 3
216 199 2
216 200 2
216 202 3
216 203 3
216 204 4
216 209 3
216 210 4
216 211 3
216 213 3
216 215 3
216 216 3
216 217 3
216 219 3
216 220 3
216 225 3
216 226 3
216 230 3
216 234 3
216 237 3
216 238 3
216 239 3
216 240 3
216 241 3
216 242 3
216 245 3
216 246 3
216 249 3
216 250 3
216 251 3
216 252 3
216 253 3
216 254 3
216 257 4
216 258 3
216 259 3
216 264 3
216 266 3
216 268 4
216 272 3
216 274 3
216 275 3
216 276 4
216 277 3
216 281 3
216 283 3
216 284 3
216 285 3
216 286 3
216 287 3
216 288 3
216 289 3
216 294 3
216 295 3
216 297 3
216 298 3
216 301 3
216 304 3
216 307 3
216 312 3
216 313 3
216 315 3
216 316 3
216 317 3
216 318 3
216 319 3
216 322 3
216 323 3
216 326 3
216 327 3
216 328 4
216 329 3
216 331 3
216 332 3
216 333 3
216 338 3
216 339 3
216 346 3
216 347 3
216 348 3
216 354 3
216 356 3
216 357 3
216 364 3
216 366 4
216 367 4
216 369 3
216 375 3
216 378 3
216 385 3
216 388 3
216 393 3
216 395 3
216 396 2
216 399 3
216 401 3
216 402 3
216 403 2
216 404 2
216 405 3
216 411 3
216 412 2
216 416 3
216 417 3
216 418 2
216 419 3
216 423 4
216 425 3
216 427 3
216 431 3
216 432 3
216 433 3
216 443 2
216 448 2
216 451 3
216 452 3
216 462 3
216 463 3
216 468 3
216 469 2
216 471 3
216 472 3
216 473 3
216 475 3
216 476 3
216 479 2
216 480 3
216 496 3
216 498 2
216 500 3
216 501 4
216 506 3
216 509 5
216 515 3
216 526 3
216 531 2
216 532 3
216 538 3
216 546 3
216 549 3
216 553 3
216 554 3
216 559 3
216 560 3
216 564 5
216 568 3
216 576 3
216 578 3
216 585 3
216 588 4
216 591 3
216 592 3
216 607 3
216 614 3
216 619 3
216 625 3
216 627 3
216 628 3
216 633 3
216 651 4
216 652 3
216 657 2
216 658 3
216 660 3
216 662 3
216 676 3
216 678 3
216 682 3
216 684 3
216 685 3
216 686 3
216 689 4
216 690 3
216 692 3
216 693 3
216 696 3
216 699 3
216 707 3
216 708 3
216 710 3
216 712 3
216 713 3
216 717 3
216 720 3
216 721 3
216 723 4
216 724 3
216 729 3
216 734 3
216 735 4
216 737 3
216 738 3
216 739 3
216 746 3
216 747 3
216 748 3
216 750 3
216 754 3
216 755 3
216 761 5
216 762 3
216 763 3
216 768 3
216 770 4
216 775 3
216 778 3
216 781 3
216 783 3
216 785 3
216 790 3
216 792 3
216 794 3
216 795 3
216 803 3
216 807 3
216 812 1
216 815 3
216 819 3
216 821 3
216 824 3
216 833 4
216 834 2
216 840 3
216 842 3
216 843 3
216 845 3
216 849 3
216 864 3
216 865 3
216 866 3
216 873 3
216 874 3
216 879 3
216 895 3
216 915 3
216 916 3
216 917 3
216 918 3
216 928 3
216 929 3
216 930 3
216 931 3
216 934 3
216 936 3
216 937 3
216 938 3
216 941 5
216 955 3
216 959 3
216 966 3
216 972 3
216 975 3
216 980 3
216 985 3
216 990 3
216 997 4
217 1 4
217 3 2
217 5 3
217 7 4
217 11 3
217 12 3
217 13 3
217 15 3
217 16 3
217 17 3
217 20 3
217 23 3
217 24 3
217 27 3
217 29 3
217 32 3
217 39 3
217 42 3
217 44 3
217 47 3
217 50 4
217 51 3
217 55 3
217 56 4
217 58 3
217 62 3
217 63 3
217 64 3
217 65 3
217 67 3
217 68 3
217 69 3
217 70 3
217 72 3
217 73 3
217 77 3
217 78 3
217 79 3
217 80 3
217 81 3
217 82 3
217 83 3
217 89 3
217 91 3
217 95 3
217 96 3
217 97 3
217 98 3
217 99 3
217 100 3
217 101 3
217 106 3
217 109 3
217 118 3
217 120 3
217 123 3
217 125 3
217 127 3
217 131 3
217 132 3
217 135 4
217 139 3
217 142 2
217 144 3
217 145 3
217 147 3
217 154 3
217 157 3
217 159 3
217 162 3
217 164 3
217 167 3
217 169 3
217 171 3
217 172 4
217 173 4
217 174 3
217 176 4
217 178 3
217 179 3
217 181 4
217 183 5
217 184 3
217 186 3
217 190 3
217 195 4
217 196 3
217 198 3
217 200 3
217 201 3
217 202 4
217 206 3
217 207 3
217 208 3
217 211 3
217 214 3
217 216 3
217 217 3
217 218 3
217 219 3
217 222 3
217 223 3
217 226 3
217 228 3
217 232 3
217 234 3
217 235 3
217 242 3
217 245 2
217 246 4
217 248 4
217 250 4
217 255 3
217 257 4
217 258 3
217 260 3
217 264 3
217 265 3
217 270 3
217 273 3
217 286 3
217 288 3
217 290 3
217 293 3
217 294 3
217 298 5
217 323 3
217 324 3
217 325 3
217 326 3
217 340 3
217 357 4
217 358 3
217 364 3
217 367 3
217 373 2
217 380 3
217 382 3
217 384 3
217 385 3
217 386 3
217 388 3
217 391 3
217 392 3
217 393 3
217 395 3
217 396 5
217 399 3
217 402 3
217 403 3
217 404 3
217 413 3
217 419 3
217 420 3
217 422 3
217 423 3
217 425 3
217 428 3
217 431 3
217 433 3
217 436 3
217 441 3
217 444 5
217 447 3
217 449 3
217 451 3
217 452 3
217 461 3
217 465 1
217 472 3
217 474 3
217 475 5
217 483 5
217 484 3
217 485 3
217 498 3
217 501 3
217 508 4
217 513 3
217 518 3
217 541 3
217 544 3
217 545 3
217 546 3
217 550 3
217 551 3
217 552 3
217 555 3
217 559 3
217 561 3
217 562 3
217 563 3
217 574 2
217 578 3
217 579 3
217 582 3
217 588 3
217 596 3
217 597 3
217 614 3
217 616 3
217 625 3
217 628 3
217 631 3
217 636 3
217 638 3
217 640 4
217 642 3
217 655 3
217 658 3
217 665 3
217 668 3
217 669 3
217 674 4
217 679 3
217 684 3
217 685 3
217 692 3
217 708 3
217 709 3
217 710 3
217 715 3
217 723 3
217 725 3
217 727 4
217 728 3
217 732 1
217 742 4
217 746 3
217 747 3
217 748 3
217 758 3
217 762 3
217 764 3
217 765 3
217 767 3
217 769 3
217 774 2
217 778 5
217 781 3
217 783 3
217 792 3
217 796 3
217 797 3
217 800 3
217 804 3
217 809 3
217 810 3
217 815 3
217 825 3
217 827 3
217 831 3
217 849 3
217 855 3
217 871 2
217 895 3
217 923 3
217 928 3
217 940 3
217 943 3
217 944 3
217 946 3
217 963 3
217 979 3
217 999 2
217 1000 3
218 269 4
218 302 4
218 304 4
218 315 3
218 328 4
218 331 3
218 333 4
218 344 4
218 346 3
218 362 3
218 750 3
218 895 3
218 899 3
219 14 5
219 79 5
219 89 5
219 100 5
219 134 5
219 173 5
219 181 5
219 223 5
219 257 5
219 275 5
219 286 5
219 306 3
219 405 5
219 478 5
219 488 4
219 514 5
220 19 4
220 86 5
220 100 5
220 116 4
220 137 5
220 251 5
220 275 5
220 301 5
220 302 4
220 319 4
220 331 4
220 408 4
220 478 5
220 484 4
220 508 5
220 513 4
220 603 4
220 750 4
220 753 4
221 4 4
221 7 5
221 11 4
221 12 5
221 50 5
221 56 5
221 82 5
221 87 4
221 96 5
221 100 5
221 117 4
221 124 5
221 127 5
221 129 5
221 144 5
221 156 5
221 164 4
221 174 5
221 175 5
221 176 5
221 182 5
221 183 5
221 185 5
221 187 5
221 194 5
221 200 4
221 213 4
221 218 4
221 234 5
221 238 5
221 302 4
221 333 4
221 443 3
221 448 4
221 466 5
221 516 3
221 517 4
221 603 5
221 653 4
221 657 3
221 672 4
221 709 4
221 879 4
221 914 4
221 915 5
222 1 4
222 5 3
222 15 3
222 50 5
222 53 3
222 93 3
222 98 3
222 100 5
222 109 3
222 117 3
222 124 3
222 126 3
222 127 5
222 129 3
222 137 3
222 151 1
222 181 3
222 184 3
222 200 3
222 201 3
222 217 2
222 219 3
222 222 3
222 235 3
222 250 3
222 257 4
222 258 3
222 260 3
222 270 3
222 275 3
222 276 4
222 286 3
222 287 3
222 288 3
222 293 4
222 294 1
222 299 3
222 307 3
222 324 3
222 325 3
222 326 3
222 327 3
222 334 3
222 358 3
222 370 3
222 379 3
222 396 1
222 410 3
222 436 3
222 447 3
222 448 3
222 452 3
222 458 3
222 475 3
222 477 3
222 515 3
222 551 3
222 558 2
222 559 2
222 561 3
222 590 4
222 665 4
222 670 2
222 671 4
222 672 3
222 682 3
222 919 3
222 922 3
222 926 4
223 15 5
223 127 3
223 148 3
223 237 2
223 245 2
223 258 5
223 269 4
223 272 3
223 276 3
223 282 3
223 286 4
223 299 3
223 300 3
223 302 3
223 304 3
223 307 3
223 310 3
223 313 3
223 315 3
223 322 3
223 323 2
223 326 3
223 327 3
223 328 3
223 329 3
223 333 3
223 340 3
223 344 3
223 347 3
223 348 3
223 355 3
223 471 2
223 546 3
223 591 3
223 628 3
223 678 3
223 689 3
223 690 3
223 696 3
223 744 3
223 748 3
223 751 1
223 754 3
223 823 3
223 879 3
223 898 3
224 1 5
224 9 5
224 15 5
224 25 4
224 50 5
224 115 4
224 127 4
224 151 5
224 172 4
224 243 4
224 261 4
224 275 5
224 288 4
224 294 3
224 310 5
224 323 4
224 333 4
224 427 4
224 435 4
224 508 4
224 538 5
224 689 4
224 740 4
224 882 4
224 989 4
225 1 4
225 2 3
225 7 3
225 17 3
225 22 3
225 24 3
225 32 3
225 39 3
225 53 3
225 55 3
225 56 4
225 62 3
225 68 2
225 79 4
225 82 3
225 83 3
225 98 3
225 100 4
225 117 4
225 118 4
225 121 3
225 124 3
225 127 3
225 144 4
225 145 3
225 147 3
225 156 3
225 171 4
225 172 3
225 174 4
225 176 3
225 177 3
225 178 3
225 180 3
225 183 4
225 185 3
225 187 5
225 188 4
225 191 4
225 195 3
225 198 3
225 200 3
225 201 3
225 204 3
225 207 3
225 209 5
225 210 5
225 218 3
225 219 3
225 222 4
225 227 4
225 229 2
225 230 4
225 231 3
225 232 3
225 234 3
225 241 3
225 244 3
225 252 3
225 257 4
225 259 3
225 271 3
225 272 5
225 273 3
225 281 3
225 286 3
225 288 3
225 289 3
225 298 3
225 302 3
225 305 3
225 307 3
225 310 3
225 313 3
225 316 3
225 318 3
225 322 3
225 323 3
225 324 3
225 325 3
225 327 3
225 333 3
225 338 3
225 340 3
225 343 3
225 346 3
225 355 3
225 357 4
225 358 3
225 362 3
225 363 3
225 379 3
225 385 4
225 398 3
225 424 3
225 429 4
225 445 3
225 447 4
225 448 3
225 452 3
225 474 3
225 475 3
225 491 3
225 515 3
225 520 3
225 522 3
225 529 3
225 538 3
225 550 4
225 562 3
225 566 3
225 573 3
225 576 3
225 583 3
225 590 3
225 597 3
225 636 3
225 669 3
225 670 3
225 675 3
225 678 3
225 679 3
225 686 3
225 689 3
225 690 3
225 748 3
225 750 3
225 751 2
225 759 3
225 823 3
225 825 3
225 831 3
225 841 3
225 853 1
225 877 3
225 879 3
225 895 3
225 912 3
225 943 3
225 976 3
226 23 3
226 50 3
226 98 3
226 99 3
226 132 3
226 133 3
226 134 3
226 135 3
226 168 3
226 174 3
226 178 3
226 182 3
226 185 3
226 191 3
226 194 3
226 196 3
226 197 3
226 199 3
226 200 3
226 208 3
226 211 3
226 318 3
226 332 3
226 418 3
226 428 3
226 429 3
226 430 2
226 435 4
226 474 4
226 478 4
226 480 2
226 483 4
226 486 3
226 488 3
226 490 3
226 491 3
226 492 4
226 493 4
226 494 4
226 504 3
226 505 3
226 510 3
226 511 4
226 524 1
226 525 3
226 526 4
226 601 3
226 603 4
226 605 3
226 606 3
226 608 3
226 610 4
226 613 4
226 614 3
226 616 3
226 631 4
226 633 2
226 646 2
226 648 3
226 651 3
226 653 3
226 654 3
226 655 3
226 657 3
226 673 3
226 705 3
226 754 4
226 835 3
226 836 3
226 848 5
227 245 4
227 263 4
227 292 3
227 300 4
227 302 5
227 303 3
227 304 4
227 328 5
227 359 4
227 680 4
227 681 3
227 682 5
227 688 4
227 874 3
227 937 4
227 938 4
227 989 4
227 990 4
228 243 4
228 259 2
228 272 4
228 286 3
228 289 2
228 294 3
228 300 3
228 301 4
228 305 3
228 307 3
228 312 3
228 316 3
228 322 3
228 323 3
228 326 3
228 329 3
228 331 3
228 332 2
228 334 3
228 338 4
228 340 4
228 343 4
228 344 4
228 347 4
228 350 2
228 690 3
228 750 4
228 875 2
228 877 3
228 879 4
228 886 3
228 896 3
228 988 4
229 1 4
229 2 3
229 3 2
229 4 4
229 7 3
229 8 2
229 12 5
229 15 5
229 21 2
229 22 4
229 23 4
229 24 3
229 26 3
229 28 4
229 31 3
229 32 5
229 45 4
229 48 4
229 50 4
229 52 4
229 53 3
229 55 3
229 56 4
229 58 3
229 62 3
229 63 3
229 64 5
229 66 4
229 68 3
229 69 3
229 70 3
229 72 4
229 73 3
229 77 3
229 79 4
229 81 4
229 82 4
229 83 3
229 85 3
229 86 4
229 87 4
229 88 3
229 89 4
229 90 3
229 91 4
229 92 3
229 93 4
229 95 3
229 96 5
229 97 4
229 101 2
229 109 4
229 114 5
229 117 3
229 118 3
229 123 4
229 124 4
229 127 5
229 128 4
229 132 4
229 133 4
229 134 4
229 137 5
229 140 2
229 141 4
229 143 3
229 144 4
229 150 5
229 151 4
229 154 4
229 157 3
229 159 3
229 161 4
229 162 4
229 163 4
229 164 4
229 165 4
229 166 4
229 168 5
229 170 5
229 172 3
229 174 5
229 178 4
229 179 3
229 181 4
229 183 4
229 184 4
229 185 4
229 186 4
229 188 3
229 190 4
229 191 5
229 193 3
229 195 4
229 197 4
229 201 3
229 202 4
229 203 4
229 207 3
229 208 5
229 209 4
229 210 4
229 211 4
229 214 4
229 216 3
229 218 2
229 219 2
229 223 5
229 225 2
229 229 3
229 232 3
229 233 3
229 237 2
229 238 5
229 248 4
229 249 3
229 250 4
229 258 5
229 264 2
229 265 4
229 273 3
229 274 3
229 275 4
229 276 3
229 277 3
229 280 3
229 281 3
229 282 3
229 283 3
229 288 4
229 290 3
229 291 3
229 298 3
229 301 3
229 318 3
229 319 3
229 321 2
229 338 3
229 340 4
229 356 3
229 365 3
229 366 3
229 367 2
229 371 3
229 378 3
229 382 3
229 385 3
229 387 3
229 392 3
229 393 3
229 403 2
229 404 5
229 405 3
229 410 3
229 411 3
229 415 3
229 418 3
229 419 5
229 423 3
229 427 3
229 428 3
229 430 3
229 431 3
229 432 3
229 435 3
229 436 3
229 441 3
229 448 2
229 455 5
229 457 3
229 464 4
229 466 3
229 467 4
229 468 3
229 470 3
229 473 3
229 475 3
229 480 5
229 481 2
229 482 4
229 483 4
229 484 4
229 485 4
229 491 4
229 493 4
229 495 4
229 496 5
229 499 4
229 500 4
229 502 4
229 504 4
229 505 4
229 508 4
229 511 5
229 514 5
229 520 5
229 527 4
229 531 3
229 535 3
229 537 3
229 546 3
229 549 2
229 550 3
229 559 3
229 566 3
229 568 4
229 569 3
229 570 3
229 578 3
229 581 3
229 584 3
229 591 4
229 602 3
229 603 3
229 611 3
229 625 3
229 627 2
229 628 1
229 629 3
229 631 4
229 633 4
229 635 2
229 636 3
229 640 3
229 642 3
229 652 3
229 654 4
229 655 3
229 658 4
229 662 4
229 665 2
229 671 5
229 672 3
229 673 2
229 679 3
229 684 3
229 686 3
229 692 3
229 693 3
229 700 3
229 702 3
229 705 3
229 708 3
229 709 3
229 710 3
229 726 3
229 729 3
229 732 4
229 735 3
229 742 3
229 744 2
229 747 3
229 755 3
229 756 3
229 761 3
229 762 3
229 763 3
229 768 3
229 780 3
229 794 3
229 804 3
229 805 3
229 820 2
229 826 3
229 833 3
229 845 3
229 847 3
229 921 3
229 941 3
229 944 4
229 961 3
229 967 3
229 972 3
230 9 5
230 10 3
230 12 4
230 19 3
230 42 3
230 50 5
230 56 5
230 98 4
230 100 5
230 101 2
230 117 4
230 124 3
230 129 3
230 137 4
230 148 3
230 152 3
230 165 3
230 181 5
230 221 4
230 222 3
230 237 4
230 248 2
230 253 3
230 258 4
230 264 3
230 273 3
230 276 3
230 286 3
230 288 3
230 293 3
230 294 3
230 318 3
230 328 3
230 462 3
230 514 3
230 515 3
230 527 3
230 528 3
230 547 3
230 628 3
230 656 3
230 674 3
230 744 3
231 245 3
231 286 3
231 302 5
231 322 3
231 323 3
231 327 4
231 358 3
231 689 3
231 748 3
231 879 4
231 988 4
232 1 3
232 3 3
232 7 4
232 50 4
232 93 2
232 100 5
232 108 2
232 109 2
232 111 4
232 117 3
232 118 4
232 121 4
232 123 3
232 150 3
232 151 3
232 181 3
232 222 3
232 237 3
232 248 2
232 249 3
232 250 3
232 257 4
232 258 4
232 284 3
232 294 3
232 300 4
232 315 3
232 322 3
232 405 3
232 410 2
232 411 4
232 471 3
232 508 4
232 546 1
232 620 3
232 628 3
232 678 3
232 742 4
232 763 4
232 815 3
232 844 3
232 845 3
232 864 1
232 871 2
233 50 5
233 59 3
233 60 4
233 95 4
233 173 5
233 174 5
233 246 4
233 268 5
233 269 4
233 273 3
233 276 3
233 293 3
233 294 3
233 302 3
233 323 2
233 325 3
233 326 3
233 333 3
233 358 3
233 435 3
233 474 4
233 507 3
233 657 3
233 682 3
233 690 3
233 748 3
233 754 3
233 919 2
234 7 4
234 9 5
234 111 4
234 125 4
234 147 4
234 148 3
234 220 4
234 225 3
234 237 4
234 274 4
234 275 4
234 283 4
234 288 4
234 347 3
234 406 4
234 471 4
234 476 4
234 477 4
234 546 4
234 628 5
234 743 4
234 756 3
234 763 5
234 815 4
234 819 4
234 833 4
234 928 4
234 975 3
235 1 3
235 3 2
235 4 3
235 5 3
235 7 4
235 9 3
235 11 3
235 12 3
235 15 4
235 21 3
235 22 3
235 23 3
235 24 3
235 25 3
235 27 3
235 28 4
235 29 3
235 31 3
235 38 3
235 40 3
235 42 2
235 45 3
235 49 3
235 50 3
235 52 2
235 54 3
235 62 3
235 63 3
235 64 3
235 67 3
235 68 3
235 69 3
235 71 3
235 72 3
235 73 3
235 80 3
235 81 3
235 82 3
235 83 3
235 85 3
235 86 2
235 89 3
235 90 3
235 96 3
235 100 3
235 105 3
235 108 3
235 109 3
235 111 3
235 115 3
235 117 3
235 118 3
235 121 3
235 122 3
235 123 3
235 125 3
235 128 3
235 132 3
235 135 3
235 136 3
235 141 3
235 148 2
235 151 3
235 152 3
235 153 3
235 154 3
235 156 3
235 157 3
235 159 3
235 160 3
235 161 3
235 162 3
235 163 3
235 164 3
235 167 3
235 168 4
235 171 3
235 172 4
235 173 3
235 174 3
235 175 3
235 176 3
235 182 3
235 183 3
235 184 3
235 185 3
235 186 3
235 187 3
235 188 3
235 190 3
235 191 3
235 195 3
235 196 3
235 199 3
235 200 3
235 204 5
235 206 3
235 211 4
235 214 3
235 215 3
235 216 3
235 217 2
235 218 3
235 219 3
235 222 3
235 225 3
235 226 3
235 227 3
235 228 3
235 229 3
235 230 3
235 234 3
235 239 3
235 240 3
235 245 3
235 246 3
235 250 3
235 252 3
235 254 3
235 255 1
235 257 3
235 258 3
235 260 3
235 264 3
235 273 3
235 284 3
235 290 3
235 291 3
235 294 3
235 299 3
235 300 3
235 307 3
235 313 3
235 317 3
235 318 3
235 321 3
235 327 3
235 331 3
235 338 3
235 343 3
235 351 3
235 354 3
235 358 3
235 367 4
235 369 3
235 376 2
235 380 3
235 381 2
235 382 2
235 384 3
235 385 5
235 386 2
235 392 3
235 393 2
235 394 3
235 399 3
235 402 4
235 403 3
235 404 3
235 410 3
235 411 3
235 413 4
235 423 4
235 424 3
235 431 2
235 433 4
235 434 3
235 435 5
235 436 2
235 443 2
235 447 2
235 448 3
235 451 3
235 455 3
235 462 3
235 465 3
235 470 2
235 473 3
235 476 3
235 520 2
235 541 3
235 542 3
235 546 3
235 550 3
235 554 3
235 561 3
235 562 3
235 566 3
235 567 3
235 568 3
235 569 3
235 571 4
235 572 2
235 573 3
235 576 3
235 577 3
235 584 3
235 587 3
235 588 3
235 597 3
235 616 3
235 625 3
235 628 3
235 631 3
235 637 3
235 640 3
235 649 3
235 652 3
235 655 3
235 659 3
235 665 3
235 672 3
235 673 3
235 674 3
235 675 3
235 679 3
235 684 3
235 693 3
235 696 3
235 697 3
235 710 3
235 713 3
235 715 3
235 717 3
235 720 3
235 729 4
235 732 3
235 743 3
235 746 4
235 748 3
235 751 3
235 752 3
235 756 4
235 760 3
235 762 3
235 780 2
235 781 3
235 786 3
235 790 2
235 792 3
235 797 3
235 800 3
235 820 3
235 821 3
235 825 3
235 826 3
235 831 4
235 834 3
235 841 3
235 845 3
235 862 3
235 890 3
235 895 3
235 924 3
235 926 3
235 928 3
235 929 3
235 943 3
235 944 3
235 961 2
235 977 3
235 983 3
236 21 5
236 23 3
236 26 4
236 38 4
236 39 3
236 43 3
236 47 4
236 65 3
236 66 3
236 72 4
236 73 4
236 83 5
236 90 3
236 92 5
236 95 5
236 96 5
236 98 4
236 102 4
236 111 4
236 125 4
236 127 2
236 132 5
236 133 4
236 157 4
236 159 4
236 161 4
236 168 5
236 172 4
236 174 5
236 179 5
236 182 5
236 186 5
236 200 4
236 204 5
236 215 5
236 216 4
236 217 4
236 218 4
236 226 4
236 238 5
236 265 4
236 276 5
236 287 4
236 288 4
236 325 4
236 327 4
236 340 5
236 347 5
236 367 4
236 381 5
236 392 4
236 400 4
236 411 4
236 433 5
236 441 4
236 447 5
236 454 4
236 503 4
236 504 3
236 506 4
236 537 4
236 546 4
236 553 4
236 559 4
236 568 5
236 581 5
236 585 4
236 595 4
236 628 5
236 642 4
236 649 4
236 655 4
236 658 5
236 708 5
236 710 4
236 715 4
236 723 4
236 739 4
236 742 4
236 746 4
236 748 3
236 761 4
236 762 4
236 763 4
236 785 5
236 787 4
236 790 4
236 794 4
236 821 4
236 845 4
236 895 3
236 974 4
237 5 4
237 11 4
237 12 5
237 14 5
237 28 5
237 30 4
237 42 4
237 47 4
237 51 4
237 56 5
237 58 4
237 65 4
237 69 4
237 70 4
237 77 5
237 79 5
237 82 4
237 83 5
237 86 5
237 87 5
237 88 4
237 89 5
237 90 4
237 91 5
237 95 5
237 97 4
237 98 5
237 99 4
237 111 4
237 116 4
237 118 4
237 124 5
237 131 3
237 132 5
237 133 5
237 134 5
237 137 5
237 143 3
237 144 5
237 145 4
237 151 5
237 154 5
237 155 3
237 161 4
237 162 5
237 165 5
237 166 5
237 168 5
237 173 5
237 174 5
237 176 5
237 179 4
237 181 5
237 183 5
237 185 5
237 186 5
237 190 5
237 191 5
237 195 5
237 197 5
237 204 5
237 207 4
237 208 5
237 211 4
237 212 5
237 213 4
237 214 4
237 216 4
237 217 4
237 218 4
237 219 2
237 229 4
237 234 4
237 237 4
237 238 5
237 239 5
237 244 4
237 253 5
237 254 2
237 265 4
237 275 5
237 276 5
237 281 4
237 283 4
237 286 5
237 287 4
237 288 4
237 292 4
237 301 5
237 318 4
237 378 4
237 381 4
237 387 3
237 393 4
237 402 4
237 404 4
237 412 4
237 415 4
237 418 5
237 419 4
237 421 5
237 423 4
237 428 4
237 432 4
237 433 5
237 435 5
237 436 5
237 447 4
237 450 5
237 451 4
237 463 4
237 466 5
237 473 4
237 478 3
237 480 4
237 482 5
237 483 5
237 484 5
237 485 4
237 496 4
237 497 3
237 499 3
237 501 5
237 507 4
237 512 3
237 514 5
237 517 3
237 518 4
237 521 5
237 523 5
237 559 4
237 566 4
237 581 4
237 582 4
237 583 4
237 584 3
237 588 4
237 603 4
237 607 4
237 614 5
237 629 4
237 640 4
237 642 4
237 651 4
237 652 4
237 654 4
237 655 4
237 657 4
237 658 4
237 660 4
237 663 3
237 665 4
237 672 4
237 674 4
237 683 4
237 684 4
237 692 5
237 696 4
237 697 4
237 698 4
237 699 4
237 702 3
237 705 4
237 708 4
237 709 5
237 710 4
237 727 4
237 730 4
237 732 5
237 736 4
237 737 3
237 739 4
237 746 4
237 747 4
237 748 4
237 753 4
237 755 2
237 770 5
237 778 4
237 781 4
237 794 3
237 812 3
237 842 4
237 843 5
237 946 4
237 955 4
237 969 4
238 1 4
238 9 4
238 21 3
238 50 4
238 100 5
238 118 3
238 121 4
238 181 3
238 220 3
238 237 3
238 245 3
238 269 5
238 280 3
238 321 4
238 471 3
238 476 3
238 815 3
238 845 3
239 7 2
239 13 2
239 93 3
239 100 5
239 121 4
239 125 4
239 147 3
239 237 3
239 240 3
239 242 3
239 257 4
239 273 3
239 276 4
239 282 1
239 285 2
239 288 3
239 293 2
239 300 5
239 301 5
239 405 3
239 475 4
240 70 4
240 86 5
240 198 4
240 242 5
240 243 2
240 271 3
240 272 4
240 283 4
240 300 4
240 310 4
240 312 4
240 319 4
240 323 4
240 328 4
240 329 4
240 340 4
240 350 4
240 512 5
240 515 4
240 582 4
240 690 4
240 750 4
240 886 4
240 904 3
240 921 5
240 937 3
240 971 4
240 988 4
241 1 3
241 9 3
241 15 5
241 25 3
241 121 3
241 288 3
241 313 4
241 342 3
241 405 3
241 751 3
242 7 3
242 11 3
242 12 3
242 17 2
242 22 3
242 26 2
242 27 2
242 31 2
242 33 2
242 38 2
242 39 2
242 41 2
242 42 3
242 44 1
242 53 2
242 54 2
242 55 2
242 56 3
242 62 2
242 64 3
242 68 1
242 79 3
242 82 2
242 100 3
242 117 3
242 129 2
242 144 2
242 150 2
242 154 1
242 156 2
242 159 3
242 161 2
242 168 2
242 174 3
242 176 3
242 177 2
242 182 3
242 184 2
242 186 3
242 195 2
242 203 2
242 204 3
242 209 3
242 210 4
242 217 2
242 219 2
242 226 2
242 228 3
242 229 2
242 230 3
242 231 2
242 234 3
242 240 2
242 273 2
242 276 3
242 281 1
242 286 3
242 288 2
242 294 1
242 318 4
242 342 2
242 350 2
242 367 2
242 385 2
242 401 2
242 403 2
242 410 2
242 436 2
242 449 2
242 452 2
242 482 2
242 508 2
242 546 2
242 550 2
242 554 2
242 559 2
242 569 2
242 572 1
242 578 2
242 591 2
242 628 2
242 635 2
242 636 2
242 665 2
242 672 2
242 684 2
242 685 2
242 695 2
242 710 2
242 746 2
242 769 1
242 780 1
242 800 2
242 810 2
242 834 2
242 873 2
242 943 2
242 975 2
242 979 2
242 988 2
243 258 5
243 271 4
243 286 5
243 309 4
243 313 4
243 323 4
243 340 5
243 358 4
243 678 4
243 687 4
244 9 5
244 50 5
244 100 5
244 245 3
244 258 5
244 271 4
244 300 5
244 313 4
244 515 4
244 678 4
244 748 4
244 916 4
245 7 3
245 9 3
245 12 4
245 28 2
245 50 4
245 55 2
245 64 4
245 79 3
245 87 2
245 117 2
245 118 2
245 121 1
245 123 2
245 127 4
245 144 3
245 147 2
245 150 3
245 174 4
245 181 3
245 195 4
245 203 2
245 204 2
245 208 3
245 209 3
245 221 3
245 235 4
245 245 1
245 246 3
245 248 2
245 268 3
245 273 4
245 276 3
245 291 2
245 295 2
245 302 3
245 310 2
245 313 2
245 324 2
245 325 2
245 330 2
245 333 2
245 340 2
245 346 1
245 405 2
245 408 2
245 460 1
245 475 1
245 479 1
245 480 1
245 504 1
245 544 3
245 591 2
245 595 1
245 597 3
245 603 1
245 628 1
245 644 1
245 689 1
245 742 2
245 744 2
245 748 2
245 752 2
245 762 2
245 763 3
245 818 2
245 823 1
245 829 2
245 831 3
245 840 2
245 844 2
245 845 1
245 871 3
245 881 2
245 886 1
245 895 2
245 908 2
245 919 2
245 959 2
245 979 2
246 268 2
246 269 3
246 270 2
246 286 2
246 288 2
246 292 2
246 294 2
246 302 2
246 303 2
246 306 2
246 311 3
246 326 2
246 328 4
246 332 2
246 688 3
246 748 2
246 754 2
246 880 2
246 883 2
246 887 1
246 888 2
247 1 4
247 5 5
247 7 4
247 9 4
247 17 4
247 27 4
247 28 4
247 31 5
247 55 5
247 56 5
247 65 4
247 68 3
247 69 4
247 70 3
247 85 4
247 89 5
247 96 5
247 98 4
247 100 5
247 111 4
247 117 5
247 123 4
247 135 4
247 144 5
247 147 4
247 148 4
247 150 3
247 151 5
247 153 5
247 156 4
247 157 4
247 158 4
247 174 5
247 176 4
247 180 3
247 183 5
247 204 4
247 206 4
247 209 5
247 218 4
247 222 5
247 227 5
247 231 4
247 233 5
247 234 5
247 248 4
247 252 4
247 258 5
247 260 4
247 281 4
247 284 4
247 286 4
247 288 4
247 290 4
247 293 4
247 298 4
247 300 4
247 367 4
247 405 4
247 410 4
247 435 4
247 447 4
247 470 4
247 483 4
247 484 4
247 498 4
247 544 4
247 546 4
247 559 4
247 582 4
247 591 4
247 597 4
247 629 3
247 642 4
247 678 4
247 742 4
247 748 4
247 760 4
247 815 5
247 823 5
247 845 4
247 866 4
247 879 5
247 926 4
247 963 4
247 981 4
248 262 3
248 268 3
248 269 4
248 271 3
248 292 3
248 301 3
248 303 3
248 304 3
248 305 3
248 307 3
248 316 3
248 321 3
248 327 3
248 333 5
248 338 3
248 344 3
248 345 4
248 360 3
248 750 2
248 884 3
248 887 2
248 902 1
249 9 5
249 15 3
249 59 3
249 60 4
249 61 4
249 100 4
249 105 3
249 117 3
249 118 3
249 122 3
249 127 4
249 137 4
249 170 4
249 171 3
249 179 4
249 212 3
249 244 3
249 248 3
249 251 4
249 273 3
249 276 2
249 282 3
249 285 3
249 286 3
249 288 3
249 293 3
249 310 3
249 337 3
249 381 4
249 410 3
249 459 3
249 546 3
249 558 3
249 702 3
249 742 3
249 753 3
249 763 3
249 936 3
249 971 3
249 983 3
250 1 4
250 2 4
250 3 4
250 4 4
250 7 4
250 10 4
250 12 4
250 13 4
250 15 4
250 26 4
250 28 4
250 29 4
250 35 4
250 38 4
250 39 4
250 49 4
250 51 4
250 54 4
250 56 4
250 58 4
250 60 4
250 64 4
250 65 4
250 66 4
250 67 4
250 70 4
250 71 4
250 73 4
250 77 4
250 79 4
250 80 4
250 81 4
250 82 4
250 83 4
250 86 4
250 87 4
250 88 4
250 89 4
250 92 4
250 94 4
250 95 4
250 97 4
250 98 4
250 99 4
250 100 4
250 101 4
250 110 4
250 112 4
250 114 4
250 117 4
250 121 4
250 123 4
250 125 4
250 126 4
250 127 4
250 131 4
250 132 4
250 133 4
250 134 4
250 135 4
250 136 4
250 139 4
250 141 4
250 142 4
250 143 4
250 144 4
250 145 4
250 152 4
250 153 4
250 154 4
250 155 4
250 157 4
250 158 4
250 161 4
250 162 4
250 163 4
250 164 4
250 166 4
250 167 4
250 168 4
250 169 4
250 173 4
250 174 4
250 176 4
250 177 4
250 179 4
250 180 4
250 182 4
250 183 4
250 185 4
250 187 4
250 191 4
250 192 4
250 193 4
250 194 4
250 195 4
250 196 4
250 197 4
250 199 4
250 200 4
250 202 4
250 203 4
250 204 4
250 205 4
250 207 4
250 208 4
250 210 4
250 211 4
250 215 4
250 216 4
250 218 4
250 222 4
250 223 4
250 225 4
250 226 4
250 227 4
250 229 4
250 231 4
250 233 4
250 237 4
250 238 4
250 239 4
250 241 4
250 245 4
250 252 4
250 254 4
250 258 4
250 264 4
250 265 4
250 269 4
250 270 4
250 272 4
250 274 4
250 275 4
250 277 4
250 278 4
250 280 4
250 281 4
250 282 4
250 283 4
250 287 4
250 288 4
250 290 4
250 292 4
250 294 4
250 299 4
250 300 4
250 301 4
250 302 4
250 304 4
250 305 4
250 310 4
250 311 4
250 312 4
250 313 4
250 315 4
250 316 4
250 328 4
250 332 4
250 340 4
250 354 4
250 357 4
250 367 4
250 371 4
250 373 4
250 378 4
250 380 4
250 381 4
250 382 4
250 383 4
250 384 4
250 385 4
250 387 4
250 393 4
250 395 4
250 396 4
250 400 4
250 401 4
250 414 4
250 416 4
250 417 4
250 418 4
250 419 4
250 421 4
250 422 4
250 427 4
250 428 4
250 430 4
250 431 4
250 432 4
250 433 4
250 434 4
250 435 4
250 443 4
250 448 4
250 455 4
250 462 4
250 465 4
250 467 4
250 468 4
250 469 4
250 470 4
250 471 4
250 472 4
250 474 4
250 476 4
250 477 4
250 478 4
250 479 4
250 480 4
250 481 4
250 482 4
250 483 4
250 484 4
250 487 4
250 488 4
250 490 4
250 491 4
250 493 4
250 494 4
250 495 4
250 496 4
250 497 4
250 499 4
250 500 4
250 502 4
250 503 4
250 505 4
250 506 4
250 507 4
250 509 4
250 510 4
250 511 4
250 514 4
250 518 4
250 520 4
250 523 4
250 525 4
250 526 4
250 527 4
250 528 4
250 530 4
250 535 4
250 549 4
250 550 4
250 553 4
250 557 4
250 558 4
250 559 4
250 561 4
250 566 4
250 568 4
250 570 4
250 582 4
250 583 4
250 589 4
250 591 4
250 602 4
250 604 4
250 606 4
250 607 4
250 608 4
250 609 4
250 610 4
250 611 4
250 612 4
250 613 4
250 614 4
250 618 4
250 620 4
250 622 4
250 629 4
250 630 4
250 631 4
250 632 4
250 633 4
250 637 4
250 642 4
250 647 4
250 648 4
250 650 4
250 651 4
250 655 4
250 657 4
250 659 4
250 660 4
250 661 4
250 663 4
250 673 4
250 679 4
250 685 4
250 686 4
250 689 4
250 692 4
250 693 4
250 700 4
250 704 4
250 707 4
250 708 4
250 709 4
250 710 4
250 712 4
250 714 4
250 715 4
250 716 4
250 717 4
250 723 4
250 727 4
250 728 4
250 729 4
250 731 4
250 735 4
250 736 4
250 739 4
250 742 4
250 747 4
250 748 4
250 751 4
250 761 4
250 762 4
250 765 4
250 771 4
250 774 4
250 775 4
250 778 4
250 783 4
250 785 4
250 790 4
250 792 4
250 794 4
250 801 4
250 807 4
250 815 4
250 821 4
250 823 4
250 832 4
250 837 4
250 842 4
250 845 4
250 846 4
250 847 4
250 865 4
250 869 4
250 873 4
250 878 4
250 900 4
250 902 4
250 904 4
250 905 4
250 908 4
250 921 4
250 923 4
250 926 4
250 928 4
250 934 4
250 936 4
250 939 4
250 940 4
250 942 4
250 956 4
250 965 4
250 966 4
250 967 4
250 969 4
251 242 2
251 243 3
251 259 2
251 260 3
251 263 4
251 264 2
251 268 3
251 269 1
251 270 1
251 286 2
251 288 2
251 292 2
251 294 2
251 299 2
251 300 2
251 301 2
251 303 2
251 307 2
251 308 2
251 322 2
251 323 2
251 325 2
251 327 2
251 328 2
251 329 2
251 330 2
251 331 1
251 332 2
251 333 3
251 336 2
251 337 2
251 359 2
251 360 2
251 457 2
251 680 2
251 681 2
251 683 2
251 687 2
251 688 2
251 690 2
251 749 2
251 872 2
251 874 2
251 875 2
251 877 2
251 879 2
251 880 2
251 881 2
251 882 2
251 883 2
251 884 2
251 937 2
251 938 2
251 984 1
251 989 2
251 991 2
251 995 2
252 7 3
252 8 4
252 14 5
252 22 3
252 25 2
252 27 3
252 45 2
252 48 2
252 52 3
252 58 2
252 60 3
252 61 4
252 62 2
252 64 5
252 66 3
252 69 4
252 70 2
252 79 4
252 86 2
252 88 4
252 89 4
252 96 5
252 97 3
252 99 2
252 111 3
252 121 3
252 124 3
252 127 2
252 132 4
252 134 4
252 135 3
252 136 2
252 143 4
252 152 4
252 154 4
252 156 4
252 161 4
252 162 3
252 163 3
252 170 3
252 173 5
252 174 4
252 180 3
252 181 4
252 183 4
252 185 3
252 186 4
252 187 5
252 188 4
252 191 3
252 194 4
252 195 3
252 197 4
252 201 2
252 202 4
252 203 2
252 204 3
252 207 3
252 211 3
252 212 3
252 216 3
252 234 3
252 237 3
252 243 3
252 245 3
252 259 3
252 269 3
252 276 3
252 286 3
252 294 3
252 318 3
252 371 3
252 384 3
252 404 2
252 418 3
252 419 3
252 420 3
252 423 3
252 427 3
252 430 3
252 435 3
252 443 3
252 455 3
252 458 3
252 461 3
252 462 4
252 465 3
252 467 3
252 472 3
252 479 3
252 482 3
252 483 3
252 485 3
252 488 3
252 490 3
252 491 4
252 494 3
252 495 3
252 496 4
252 498 3
252 502 3
252 506 3
252 509 3
252 510 3
252 513 3
252 517 3
252 518 3
252 521 3
252 523 3
252 526 3
252 530 3
252 531 3
252 554 2
252 576 2
252 588 4
252 597 3
252 603 4
252 609 2
252 614 3
252 615 3
252 624 3
252 631 4
252 636 4
252 641 1
252 648 3
252 654 4
252 659 3
252 660 4
252 684 3
252 729 3
252 736 3
252 780 4
252 781 2
252 792 3
252 805 3
252 815 3
252 856 3
252 863 3
252 874 2
252 924 3
252 947 3
252 969 3
252 971 3
253 3 3
253 4 3
253 7 4
253 9 5
253 11 3
253 12 5
253 17 3
253 22 4
253 24 3
253 33 3
253 42 3
253 48 5
253 49 3
253 50 4
253 53 3
253 59 3
253 68 3
253 69 3
253 73 3
253 77 3
253 79 4
253 80 3
253 93 4
253 94 3
253 97 4
253 98 3
253 100 5
253 117 3
253 122 3
253 125 3
253 132 3
253 143 2
253 154 4
253 156 4
253 157 3
253 158 3
253 164 4
253 168 4
253 172 3
253 174 5
253 181 5
253 184 3
253 186 4
253 188 3
253 196 5
253 204 3
253 210 4
253 214 4
253 223 4
253 231 3
253 233 3
253 234 4
253 238 4
253 239 3
253 246 4
253 248 4
253 258 5
253 268 4
253 276 4
253 288 3
253 298 3
253 318 3
253 354 3
253 356 3
253 357 3
253 364 3
253 367 3
253 369 3
253 385 3
253 393 3
253 401 3
253 402 3
253 410 3
253 412 3
253 416 3
253 421 3
253 423 4
253 424 3
253 427 4
253 456 3
253 471 3
253 475 4
253 476 3
253 496 3
253 515 3
253 550 3
253 552 3
253 566 3
253 568 3
253 578 3
253 586 3
253 591 3
253 651 3
253 655 3
253 684 3
253 693 3
253 697 3
253 717 2
253 721 3
253 742 3
253 871 3
253 959 3
253 963 4
253 975 3
254 1 4
254 11 2
254 12 5
254 15 3
254 22 4
254 28 3
254 50 5
254 51 3
254 55 3
254 56 4
254 58 3
254 66 3
254 69 3
254 70 3
254 73 3
254 76 4
254 77 3
254 79 4
254 82 5
254 87 3
254 88 3
254 89 5
254 96 5
254 97 3
254 98 4
254 99 3
254 100 5
254 107 4
254 114 3
254 117 3
254 118 3
254 121 4
254 124 4
254 131 2
254 136 3
254 143 1
254 144 4
254 153 3
254 161 4
254 162 3
254 164 2
254 169 4
254 172 3
254 173 5
254 174 5
254 181 5
254 182 3
254 185 4
254 191 5
254 193 3
254 194 4
254 195 5
254 196 4
254 197 5
254 199 3
254 202 5
254 203 4
254 204 3
254 210 4
254 211 3
254 215 3
254 222 4
254 228 5
254 234 4
254 237 3
254 250 4
254 255 2
254 257 4
254 258 5
254 259 1
254 260 2
254 270 4
254 272 3
254 277 3
254 279 3
254 286 3
254 289 4
254 293 3
254 300 3
254 310 3
254 315 3
254 316 3
254 317 3
254 318 3
254 322 3
254 323 3
254 326 3
254 356 3
254 357 3
254 378 3
254 385 3
254 392 3
254 404 3
254 414 3
254 418 3
254 419 1
254 423 3
254 427 3
254 431 3
254 434 3
254 435 3
254 451 3
254 454 3
254 465 3
254 468 3
254 474 3
254 478 4
254 479 2
254 482 3
254 483 5
254 484 2
254 485 4
254 487 4
254 490 3
254 492 3
254 493 2
254 496 4
254 497 3
254 507 3
254 509 3
254 519 3
254 520 2
254 526 2
254 528 2
254 531 2
254 566 2
254 568 4
254 603 3
254 605 3
254 607 4
254 610 4
254 612 3
254 614 3
254 627 3
254 631 4
254 633 2
254 642 3
254 649 3
254 651 2
254 654 1
254 655 3
254 657 2
254 659 3
254 660 3
254 661 3
254 678 3
254 685 3
254 686 3
254 692 3
254 693 2
254 694 1
254 705 2
254 707 3
254 735 3
254 736 3
254 740 3
254 742 3
254 746 3
254 836 3
254 837 3
254 842 3
254 873 3
254 875 3
254 879 3
254 939 3
254 945 3
254 956 2
254 961 3
254 968 3
255 1 4
255 2 4
255 4 3
255 7 3
255 8 4
255 9 5
255 12 5
255 14 5
255 17 3
255 20 3
255 24 3
255 25 2
255 31 4
255 39 3
255 42 4
255 44 2
255 47 4
255 53 3
255 56 4
255 57 4
255 58 4
255 64 5
255 65 3
255 69 3
255 70 3
255 71 4
255 87 4
255 89 3
255 95 4
255 96 4
255 97 4
255 98 3
255 100 4
255 118 4
255 123 2
255 125 3
255 126 3
255 127 5
255 135 3
255 148 3
255 161 4
255 170 4
255 173 5
255 174 5
255 176 3
255 191 3
255 196 4
255 197 4
255 204 4
255 214 4
255 217 4
255 222 4
255 223 4
255 228 4
255 234 3
255 237 3
255 245 3
255 252 3
255 255 3
255 257 3
255 265 3
255 270 2
255 275 3
255 276 3
255 277 3
255 279 3
255 281 3
255 282 3
255 289 3
255 291 3
255 292 3
255 293 3
255 298 3
255 300 3
255 304 3
255 307 3
255 313 3
255 317 3
255 318 3
255 321 3
255 323 3
255 334 3
255 343 3
255 380 3
255 382 3
255 393 3
255 402 4
255 405 4
255 428 4
255 447 3
255 455 3
255 462 3
255 465 3
255 471 3
255 475 3
255 504 3
255 508 3
255 511 3
255 515 3
255 518 3
255 529 3
255 531 3
255 549 3
255 582 3
255 584 3
255 591 3
255 597 3
255 627 3
255 628 3
255 629 3
255 647 3
255 660 3
255 678 3
255 692 3
255 694 3
255 709 3
255 724 4
255 727 4
255 738 3
255 747 4
255 755 4
255 778 3
255 898 3
255 934 3
255 939 3
256 1 4
256 3 3
256 4 2
256 12 4
256 13 3
256 22 4
256 23 4
256 32 2
256 42 3
256 46 3
256 50 4
256 53 3
256 54 3
256 57 1
256 60 3
256 61 3
256 68 4
256 69 4
256 79 4
256 80 3
256 86 3
256 91 3
256 92 3
256 95 3
256 97 5
256 99 5
256 100 4
256 101 3
256 111 3
256 125 3
256 127 4
256 133 2
256 135 3
256 143 4
256 161 4
256 168 3
256 170 5
256 172 3
256 174 4
256 175 4
256 177 3
256 179 2
256 180 4
256 181 3
256 182 4
256 185 5
256 186 4
256 187 3
256 188 2
256 194 4
256 196 3
256 197 4
256 202 3
256 208 3
256 210 5
256 211 5
256 216 3
256 218 5
256 222 3
256 226 2
256 228 4
256 231 3
256 232 3
256 234 4
256 238 5
256 268 3
256 273 3
256 274 3
256 282 3
256 286 4
256 294 3
256 325 3
256 346 3
256 357 3
256 366 3
256 369 3
256 380 3
256 403 3
256 410 3
256 414 3
256 419 3
256 421 3
256 423 3
256 427 3
256 431 3
256 432 3
256 433 3
256 443 3
256 447 3
256 448 4
256 449 3
256 452 3
256 460 3
256 461 3
256 462 3
256 474 3
256 475 3
256 479 3
256 484 2
256 490 3
256 498 3
256 505 2
256 506 3
256 508 3
256 523 1
256 546 3
256 559 3
256 568 4
256 578 3
256 581 3
256 582 3
256 603 3
256 608 3
256 640 2
256 655 3
256 658 2
256 660 2
256 662 3
256 672 4
256 673 4
256 693 3
256 696 3
256 708 3
256 710 3
256 715 4
256 720 3
256 721 3
256 737 4
256 743 2
256 763 4
256 789 3
256 806 2
256 818 3
256 845 3
256 864 3
256 919 3
256 922 3
256 933 2
256 943 2
256 955 2
256 959 3
256 963 3
256 979 3
256 985 2
257 4 5
257 7 5
257 8 4
257 9 4
257 11 5
257 12 4
257 14 4
257 15 4
257 20 4
257 22 4
257 27 4
257 31 4
257 38 4
257 44 4
257 45 4
257 48 2
257 50 4
257 51 4
257 52 4
257 53 5
257 54 4
257 56 5
257 57 4
257 58 4
257 59 3
257 62 2
257 64 4
257 65 4
257 66 4
257 70 4
257 77 4
257 79 4
257 82 3
257 86 5
257 89 5
257 91 5
257 94 4
257 96 4
257 97 4
257 100 4
257 105 4
257 111 4
257 114 4
257 117 4
257 118 4
257 122 4
257 127 5
257 134 4
257 137 4
257 143 5
257 144 4
257 148 4
257 151 4
257 155 5
257 156 4
257 157 4
257 161 5
257 162 4
257 164 4
257 168 4
257 172 5
257 173 5
257 174 4
257 176 4
257 180 2
257 181 5
257 182 4
257 183 5
257 185 4
257 186 4
257 190 3
257 191 4
257 192 4
257 193 2
257 194 4
257 196 4
257 197 4
257 200 4
257 203 4
257 204 5
257 209 4
257 214 4
257 215 4
257 216 4
257 218 4
257 219 5
257 223 2
257 226 3
257 228 4
257 229 4
257 230 4
257 231 4
257 232 4
257 234 4
257 235 4
257 237 4
257 239 3
257 240 4
257 241 4
257 243 4
257 248 4
257 257 4
257 258 4
257 265 4
257 282 4
257 285 4
257 288 5
257 304 4
257 318 5
257 357 4
257 370 4
257 372 4
257 373 4
257 378 4
257 380 4
257 385 4
257 393 4
257 395 4
257 401 3
257 402 4
257 403 3
257 405 4
257 410 4
257 411 4
257 412 4
257 417 5
257 425 4
257 428 2
257 436 5
257 443 3
257 448 5
257 450 4
257 452 4
257 453 5
257 455 4
257 456 4
257 458 4
257 462 2
257 469 4
257 470 4
257 471 4
257 472 2
257 473 3
257 474 4
257 476 5
257 483 4
257 500 4
257 507 3
257 509 2
257 527 4
257 529 3
257 531 4
257 540 4
257 546 4
257 549 4
257 553 5
257 554 5
257 559 5
257 566 4
257 568 5
257 582 4
257 584 4
257 588 4
257 597 4
257 623 4
257 628 4
257 629 4
257 631 4
257 632 5
257 636 5
257 640 4
257 651 2
257 655 4
257 658 4
257 664 4
257 673 4
257 679 3
257 692 4
257 699 4
257 704 4
257 708 4
257 709 3
257 717 4
257 720 3
257 722 4
257 727 4
257 729 4
257 732 2
257 739 3
257 742 5
257 744 4
257 747 4
257 755 4
257 758 4
257 769 4
257 770 4
257 775 3
257 783 4
257 792 4
257 819 4
257 825 4
257 841 4
257 845 4
257 871 4
257 931 4
257 934 4
257 948 4
257 949 4
257 959 4
257 980 4
258 8 4
258 9 3
258 12 3
258 14 4
258 20 3
258 23 3
258 25 4
258 28 3
258 32 3
258 48 3
258 50 5
258 57 3
258 58 3
258 86 3
258 96 3
258 98 3
258 117 3
258 121 3
258 124 3
258 126 3
258 127 5
258 129 3
258 134 3
258 143 3
258 144 3
258 147 3
258 152 4
258 169 3
258 174 3
258 178 3
258 179 3
258 180 3
258 182 3
258 183 3
258 187 3
258 189 3
258 190 3
258 191 3
258 192 3
258 193 3
258 195 3
258 203 3
258 208 3
258 209 3
258 234 3
258 237 4
258 238 3
258 245 3
258 250 3
258 255 4
258 273 4
258 278 3
258 282 4
258 284 4
258 285 4
258 286 5
258 287 3
258 288 3
258 289 3
258 293 4
258 298 3
258 301 4
258 304 2
258 307 3
258 317 3
258 318 3
258 319 3
258 321 3
258 333 3
258 346 2
258 357 3
258 387 3
258 405 3
258 408 3
258 410 3
258 423 3
258 425 3
258 427 3
258 430 3
258 461 2
258 467 2
258 469 3
258 473 2
258 474 2
258 496 3
258 509 3
258 514 1
258 517 4
258 521 3
258 526 3
258 529 3
258 530 3
258 546 3
258 582 3
258 588 3
258 589 3
258 591 3
258 596 3
258 603 3
258 632 4
258 644 3
258 648 2
258 651 2
258 654 3
258 663 2
258 685 3
258 694 4
258 696 2
258 704 3
258 709 3
258 717 3
258 736 3
258 742 3
258 744 3
258 750 3
258 753 3
258 792 3
258 844 3
258 847 2
258 896 3
258 925 3
258 939 3
258 952 3
258 956 3
258 980 3
259 1 3
259 3 2
259 7 1
259 8 2
259 15 4
259 16 4
259 19 1
259 22 3
259 25 3
259 79 3
259 100 4
259 108 3
259 111 2
259 117 2
259 120 2
259 121 3
259 123 2
259 147 2
259 148 2
259 164 2
259 172 2
259 174 4
259 181 4
259 194 3
259 216 2
259 220 2
259 222 3
259 225 2
259 230 3
259 245 1
259 249 2
259 250 3
259 255 1
259 258 4
259 260 1
259 264 1
259 274 2
259 278 2
259 282 2
259 286 2
259 289 1
259 291 2
259 295 2
259 300 2
259 301 2
259 322 2
259 323 2
259 328 2
259 332 2
259 333 2
259 357 2
259 358 2
259 411 2
259 472 2
259 473 2
259 523 2
259 568 3
259 596 2
259 597 2
259 651 1
259 676 1
259 678 1
259 685 2
259 687 2
259 742 2
259 748 2
259 815 2
259 825 2
259 827 2
259 846 2
259 864 3
259 866 2
259 873 2
259 879 2
259 934 2
259 969 2
259 978 2
259 989 2
259 993 2
260 1 4
260 7 4
260 10 4
260 14 4
260 20 4
260 117 4
260 127 4
260 129 4
260 146 4
260 149 4
260 224 4
260 242 4
260 250 4
260 253 4
260 257 4
260 258 4
260 273 4
260 275 4
260 276 4
260 279 4
260 285 4
260 286 4
260 289 4
260 293 4
260 294 4
260 297 4
260 301 4
260 303 4
260 307 4
260 311 4
260 322 4
260 458 4
260 515 4
260 532 4
260 591 4
260 676 4
260 713 4
260 744 4
260 847 4
261 9 4
261 50 4
261 121 3
261 242 1
261 255 2
261 285 2
261 302 2
261 304 2
261 313 2
261 319 2
261 321 2
262 11 4
262 100 5
262 237 4
262 259 3
262 271 4
262 272 4
262 288 4
262 289 4
262 292 4
262 300 4
262 310 4
262 313 4
262 315 4
262 323 4
262 330 4
262 332 4
262 678 3
262 866 4
262 895 4
263 3 3
263 7 3
263 13 2
263 14 4
263 15 3
263 20 3
263 21 4
263 24 4
263 50 4
263 93 1
263 100 4
263 103 5
263 107 4
263 112 3
263 116 3
263 117 3
263 121 3
263 124 3
263 126 4
263 137 4
263 147 3
263 149 3
263 150 1
263 151 3
263 221 1
263 224 2
263 225 4
263 235 3
263 242 2
263 243 4
263 244 3
263 249 3
263 250 3
263 253 1
263 257 4
263 258 5
263 268 4
263 270 2
263 274 3
263 283 3
263 284 4
263 285 3
263 288 3
263 301 3
263 304 3
263 306 4
263 310 4
263 311 2
263 319 3
263 347 3
263 362 3
263 410 3
263 455 4
263 472 3
263 473 3
263 475 3
263 477 3
263 508 3
263 544 3
263 593 3
263 597 4
263 689 3
263 741 3
263 744 3
263 751 3
263 813 3
263 819 3
263 845 3
263 864 3
263 870 3
263 880 3
263 887 3
263 926 3
263 930 3
263 950 3
263 952 3
263 988 3
263 993 3
264 16 5
264 116 3
264 176 5
264 181 5
264 248 5
264 258 5
264 260 3
264 264 3
264 269 5
264 286 5
264 289 4
264 294 4
264 298 4
264 300 5
264 302 4
264 321 4
264 322 4
264 326 4
264 328 4
264 333 4
264 482 4
264 603 5
264 678 4
264 705 3
264 709 5
264 879 5
264 984 4
265 1 3
265 7 4
265 8 3
265 12 3
265 22 3
265 32 3
265 50 3
265 56 3
265 64 3
265 87 3
265 97 3
265 100 3
265 114 3
265 132 3
265 134 3
265 136 3
265 143 3
265 154 3
265 169 3
265 172 3
265 174 3
265 175 3
265 179 3
265 180 3
265 181 3
265 190 3
265 191 3
265 194 3
265 198 3
265 199 3
265 202 3
265 216 3
265 257 3
265 258 3
265 283 3
265 286 5
265 300 3
265 318 3
265 319 3
265 395 3
265 404 4
265 428 3
265 474 2
265 475 3
265 477 3
265 478 4
265 481 3
265 496 4
265 511 4
265 525 2
265 529 3
265 584 4
265 588 4
265 603 3
265 615 3
265 638 5
265 651 3
265 855 3
266 2 4
266 11 4
266 22 5
266 24 4
266 27 5
266 50 5
266 55 4
266 56 5
266 62 4
266 68 3
266 79 4
266 82 4
266 87 2
266 89 5
266 95 4
266 96 4
266 98 5
266 117 4
266 127 5
266 144 4
266 172 4
266 174 4
266 176 4
266 182 5
266 183 5
266 184 3
266 187 4
266 188 4
266 210 4
266 231 4
266 232 4
266 258 5
266 265 4
266 268 5
266 269 3
266 273 4
266 288 4
266 292 4
266 294 4
266 302 4
266 306 4
266 308 4
266 313 5
266 315 4
266 321 4
266 324 4
266 326 4
266 327 4
266 328 4
266 331 4
266 333 4
266 334 4
266 344 4
266 346 5
266 349 4
266 350 4
266 354 3
266 385 4
266 405 4
266 455 4
266 518 4
266 546 4
266 550 4
266 566 4
266 568 5
266 651 4
266 682 4
266 748 4
266 873 3
266 882 4
266 885 4
266 898 4
266 908 2
267 1 4
267 10 4
267 24 4
267 50 4
267 93 4
267 108 4
267 109 4
267 117 5
267 124 5
267 150 4
267 240 4
267 246 4
267 248 4
267 249 4
267 257 4
267 264 4
267 268 4
267 273 4
267 288 5
267 298 4
267 340 5
267 455 3
267 475 5
267 742 4
267 762 4
267 919 4
268 1 4
268 4 3
268 7 4
268 8 4
268 12 4
268 13 4
268 15 4
268 19 4
268 22 4
268 23 4
268 25 4
268 31 3
268 39 4
268 42 4
268 47 4
268 51 4
268 56 4
268 58 4
268 69 4
268 70 4
268 71 4
268 95 4
268 96 4
268 97 4
268 98 4
268 100 4
268 111 4
268 116 5
268 118 5
268 121 5
268 126 4
268 132 4
268 137 3
268 144 4
268 150 5
268 153 4
268 159 3
268 160 4
268 170 3
268 172 4
268 173 4
268 178 3
268 180 3
268 181 4
268 182 4
268 191 4
268 195 4
268 200 3
268 209 4
268 214 3
268 216 4
268 222 4
268 238 4
268 249 4
268 251 4
268 257 5
268 258 4
268 273 4
268 275 4
268 283 4
268 285 4
268 294 4
268 297 4
268 318 5
268 321 4
268 357 4
268 367 4
268 372 4
268 377 4
268 405 4
268 411 4
268 423 4
268 427 4
268 428 4
268 435 4
268 461 4
268 462 5
268 469 4
268 471 4
268 475 4
268 498 4
268 507 4
268 529 4
268 544 5
268 582 4
268 603 3
268 612 4
268 642 4
268 655 4
268 692 4
268 699 4
268 724 4
268 742 4
268 826 4
268 856 4
268 926 4
268 952 4
269 10 4
269 64 5
269 65 4
269 127 3
269 134 5
269 136 4
269 153 5
269 173 4
269 194 5
269 286 5
269 306 4
269 474 5
269 483 5
269 484 3
269 490 4
269 495 4
269 499 4
269 507 3
269 511 5
269 513 3
269 520 4
269 582 3
269 605 4
269 610 5
269 611 5
269 641 3
269 654 5
269 705 3
269 855 3
270 9 4
270 13 3
270 19 2
270 50 5
270 93 3
270 100 5
270 118 4
270 125 4
270 137 4
270 150 2
270 221 4
270 235 2
270 246 3
270 248 4
270 257 4
270 258 4
270 276 5
270 283 3
270 284 3
270 285 4
270 286 4
270 288 3
270 293 3
270 294 2
270 295 3
270 360 3
270 458 2
270 471 3
270 475 4
270 508 4
270 544 3
270 546 3
270 813 3
270 847 3
270 919 3
270 950 4
270 952 3
271 1 4
271 50 5
271 99 4
271 102 5
271 140 5
271 151 3
271 225 5
271 404 3
271 422 4
271 465 4
271 477 4
271 588 4
271 596 4
271 768 4
271 878 4
271 932 4
271 969 3
272 1 5
272 2 4
272 3 5
272 4 4
272 7 4
272 11 5
272 12 5
272 21 3
272 24 4
272 27 3
272 28 4
272 29 4
272 33 4
272 38 4
272 41 4
272 43 4
272 49 4
272 51 5
272 56 5
272 63 4
272 64 5
272 66 5
272 68 4
272 69 4
272 71 4
272 72 5
272 73 4
272 78 3
272 79 5
272 80 5
272 82 5
272 88 5
272 90 5
272 94 4
272 97 4
272 99 4
272 101 4
272 109 5
272 117 4
272 118 4
272 120 2
272 122 4
272 123 4
272 132 5
272 135 4
272 141 4
272 151 5
272 161 5
272 168 5
272 172 5
272 173 5
272 174 5
272 175 5
272 177 5
272 181 5
272 183 5
272 185 5
272 186 5
272 193 5
272 195 5
272 196 5
272 204 5
272 210 5
272 215 5
272 217 3
272 218 4
272 226 4
272 228 5
272 229 5
272 232 4
272 233 4
272 234 5
272 239 4
272 240 4
272 250 5
272 254 3
272 255 3
272 258 5
272 260 3
272 271 3
272 288 4
272 313 4
272 318 4
272 323 4
272 343 4
272 355 4
272 358 5
272 362 4
272 365 4
272 368 5
272 370 4
272 373 4
272 374 4
272 375 5
272 378 4
272 380 4
272 384 4
272 386 3
272 391 4
272 392 4
272 393 3
272 395 5
272 400 4
272 401 4
272 404 5
272 411 5
272 416 4
272 417 4
272 418 4
272 431 4
272 443 3
272 449 2
272 455 5
272 465 4
272 473 4
272 475 4
272 477 4
272 485 4
272 496 5
272 501 4
272 540 5
272 541 4
272 546 4
272 548 4
272 550 4
272 552 4
272 559 5
272 561 4
272 562 5
272 567 4
272 568 5
272 569 5
272 576 5
272 577 4
272 578 4
272 584 3
272 588 5
272 597 4
272 625 3
272 633 5
272 655 5
272 658 5
272 665 5
272 672 3
272 682 4
272 685 4
272 715 4
272 720 4
272 739 4
272 742 4
272 743 4
272 747 4
272 748 4
272 751 4
272 755 5
272 756 4
272 758 4
272 760 4
272 763 4
272 768 4
272 771 4
272 780 4
272 790 5
272 796 4
272 810 4
272 826 4
272 834 5
272 877 4
272 890 4
272 895 4
272 924 4
272 928 4
272 930 4
272 931 4
272 940 4
272 951 4
272 977 4
273 9 4
273 14 5
273 25 3
273 116 4
273 124 4
273 129 3
273 137 5
273 242 4
273 257 2
273 273 3
273 275 4
273 276 2
273 293 3
273 302 4
273 303 3
273 319 3
273 321 3
273 327 3
273 508 3
273 547 3
274 7 4
274 8 4
274 11 4
274 12 4
274 13 4
274 14 4
274 15 5
274 22 4
274 23 4
274 26 4
274 42 3
274 44 4
274 45 5
274 48 4
274 50 4
274 52 3
274 58 4
274 60 3
274 61 3
274 64 5
274 66 5
274 68 5
274 69 4
274 71 4
274 72 4
274 73 3
274 76 4
274 77 4
274 79 4
274 83 3
274 86 4
274 87 3
274 88 4
274 89 4
274 92 4
274 97 4
274 98 4
274 99 3
274 100 4
274 107 3
274 116 3
274 121 4
274 131 4
274 132 4
274 134 2
274 135 3
274 136 5
274 141 4
274 150 4
274 161 4
274 170 2
274 171 3
274 172 4
274 173 4
274 175 4
274 176 4
274 178 3
274 179 3
274 180 3
274 181 4
274 182 4
274 183 4
274 191 4
274 192 4
274 193 4
274 194 4
274 195 4
274 196 5
274 198 4
274 199 3
274 203 5
274 205 4
274 207 4
274 208 3
274 209 4
274 210 4
274 211 4
274 212 5
274 215 5
274 216 4
274 218 4
274 221 4
274 227 3
274 230 4
274 234 4
274 237 4
274 238 4
274 244 4
274 248 4
274 252 4
274 257 4
274 258 4
274 274 4
274 275 4
274 276 4
274 282 4
274 283 4
274 285 4
274 286 4
274 288 4
274 289 4
274 291 4
274 293 4
274 298 4
274 302 4
274 313 4
274 315 4
274 316 4
274 317 4
274 322 4
274 326 4
274 346 3
274 356 4
274 380 3
274 382 3
274 385 5
274 410 4
274 414 3
274 416 4
274 418 5
274 419 4
274 430 3
274 434 4
274 435 4
274 436 3
274 461 2
274 463 3
274 470 5
274 474 4
274 475 4
274 478 3
274 480 3
274 481 5
274 483 5
274 484 4
274 486 4
274 488 4
274 489 3
274 490 4
274 491 3
274 493 5
274 495 4
274 496 5
274 497 3
274 498 3
274 499 3
274 503 4
274 506 3
274 507 4
274 508 4
274 510 3
274 511 4
274 513 3
274 514 4
274 517 2
274 518 2
274 519 3
274 520 5
274 521 3
274 525 2
274 526 3
274 527 4
274 528 5
274 529 4
274 530 3
274 553 4
274 566 5
274 584 4
274 591 3
274 601 4
274 602 4
274 603 4
274 604 3
274 605 4
274 607 4
274 610 3
274 614 3
274 615 4
274 617 4
274 618 4
274 628 4
274 633 2
274 641 2
274 642 4
274 646 3
274 648 2
274 649 3
274 651 3
274 653 4
274 657 3
274 659 3
274 660 3
274 661 3
274 664 4
274 676 3
274 684 4
274 685 4
274 692 4
274 696 4
274 697 4
274 699 3
274 705 4
274 707 4
274 708 4
274 709 4
274 735 3
274 736 3
274 744 4
274 756 5
274 789 5
274 792 4
274 836 4
274 848 4
274 921 4
274 923 3
274 939 4
274 943 4
274 945 4
274 963 3
274 966 4
274 971 4
274 996 5
275 50 4
275 70 3
275 100 5
275 259 1
275 315 2
275 347 3
275 381 3
276 4 3
276 26 2
276 33 2
276 42 2
276 56 3
276 67 2
276 72 2
276 73 2
276 80 2
276 83 2
276 85 2
276 88 3
276 168 2
276 173 4
276 175 3
276 186 3
276 194 2
276 202 3
276 208 2
276 209 4
276 211 3
276 216 4
276 232 2
276 238 4
276 239 2
276 288 2
276 300 3
276 328 2
276 343 2
276 367 2
276 386 2
276 579 2
276 585 2
276 648 3
276 655 4
276 692 2
276 710 2
276 712 2
276 715 2
276 734 2
276 738 2
276 748 2
276 765 2
276 781 2
276 790 2
276 792 2
276 944 2
276 999 3
277 20 4
277 25 4
277 36 4
277 88 4
277 90 4
277 237 4
277 255 4
277 280 4
277 282 4
277 289 4
277 294 4
277 553 4
277 709 4
277 722 4
277 724 5
277 732 4
277 778 4
277 781 4
277 815 4
277 846 4
278 1 5
278 7 4
278 17 4
278 23 4
278 26 4
278 28 4
278 40 4
278 41 5
278 42 4
278 48 3
278 50 5
278 65 3
278 72 4
278 77 4
278 79 5
278 81 3
278 93 2
278 98 4
278 111 4
278 122 4
278 134 4
278 137 5
278 143 5
278 145 5
278 151 5
278 160 4
278 161 3
278 168 4
278 188 4
278 196 4
278 216 5
278 218 4
278 219 4
278 222 5
278 231 4
278 237 4
278 238 5
278 276 5
278 288 4
278 300 4
278 318 4
278 327 4
278 340 5
278 350 4
278 354 5
278 357 4
278 367 5
278 369 3
278 392 4
278 403 3
278 410 3
278 412 4
278 427 5
278 447 4
278 451 4
278 467 3
278 469 3
278 518 3
278 568 5
278 591 4
278 604 4
278 616 4
278 655 4
278 658 4
278 673 4
278 684 4
278 739 4
278 743 5
278 763 5
278 843 4
278 866 4
278 959 4
278 975 4
279 1 4
279 8 2
279 24 3
279 28 4
279 31 3
279 50 5
279 54 3
279 55 3
279 58 3
279 66 3
279 70 3
279 71 4
279 79 4
279 82 4
279 88 2
279 89 4
279 95 4
279 96 4
279 97 4
279 100 5
279 101 2
279 108 4
279 111 3
279 117 3
279 118 3
279 121 4
279 122 3
279 127 5
279 133 4
279 135 4
279 147 3
279 148 3
279 161 4
279 168 4
279 172 4
279 173 4
279 174 5
279 175 5
279 176 4
279 177 4
279 179 3
279 180 3
279 181 5
279 182 4
279 183 4
279 185 4
279 187 4
279 188 3
279 189 3
279 190 4
279 195 4
279 197 5
279 198 4
279 201 3
279 204 4
279 209 4
279 210 4
279 211 3
279 213 3
279 215 3
279 216 4
279 226 3
279 228 4
279 230 4
279 241 3
279 248 3
279 249 3
279 255 3
279 257 3
279 258 5
279 261 2
279 264 2
279 265 4
279 266 2
279 270 3
279 272 4
279 281 3
279 282 3
279 283 3
279 286 3
279 288 3
279 294 3
279 295 3
279 298 3
279 300 3
279 304 3
279 318 3
279 324 3
279 328 3
279 356 3
279 358 3
279 380 3
279 385 4
279 398 3
279 405 4
279 421 3
279 422 3
279 423 3
279 436 4
279 455 3
279 463 3
279 472 3
279 479 3
279 483 3
279 489 3
279 500 4
279 510 4
279 511 3
279 523 3
279 526 3
279 528 3
279 535 3
279 546 3
279 566 3
279 588 3
279 602 3
279 604 3
279 616 3
279 629 3
279 632 4
279 640 3
279 651 3
279 655 3
279 680 3
279 688 3
279 692 4
279 727 3
279 732 4
279 739 3
279 748 3
279 751 3
279 752 3
279 840 4
279 879 4
279 931 3
279 945 3
280 8 5
280 12 5
280 64 5
280 96 5
280 100 5
280 114 4
280 127 3
280 165 5
280 166 5
280 172 5
280 175 5
280 183 5
280 190 5
280 191 5
280 203 3
280 213 3
280 237 5
280 257 4
280 265 4
280 272 4
280 294 4
280 298 4
280 319 4
280 347 2
280 462 5
280 479 2
280 483 5
280 504 4
280 510 3
280 511 5
280 517 3
280 603 5
280 615 5
280 642 5
280 661 4
280 705 4
280 863 4
281 42 4
281 50 5
281 66 3
281 70 5
281 86 3
281 100 5
281 153 5
281 163 4
281 173 5
281 190 4
281 197 4
281 204 3
281 207 4
281 210 5
281 238 5
281 283 4
281 313 5
281 318 5
281 322 4
281 367 4
281 427 4
281 430 4
281 435 4
281 479 4
281 484 4
281 505 4
281 507 4
281 514 4
281 524 4
281 596 5
281 648 5
281 650 4
281 678 4
281 780 3
282 50 5
282 127 5
282 257 4
282 288 3
282 289 3
282 295 3
282 298 3
282 301 3
282 321 4
282 748 3
282 876 3
282 881 3
283 1 4
283 12 5
283 20 3
283 99 3
283 107 4
283 116 2
283 121 4
283 144 4
283 151 4
283 180 3
283 181 4
283 195 4
283 197 5
283 199 3
283 229 4
283 230 4
283 237 4
283 249 3
283 250 4
283 257 4
283 270 3
283 271 2
283 277 3
283 286 3
283 290 3
283 318 3
283 365 3
283 380 3
283 405 4
283 432 4
283 449 3
283 462 3
283 480 3
283 538 3
283 582 4
283 612 3
283 743 3
283 900 2
284 1 5
284 7 5
284 9 5
284 15 5
284 24 4
284 25 4
284 28 5
284 29 4
284 50 5
284 51 5
284 53 4
284 56 5
284 70 4
284 71 4
284 73 4
284 79 5
284 82 4
284 94 5
284 96 5
284 97 5
284 98 5
284 111 4
284 122 4
284 135 5
284 136 4
284 143 3
284 144 5
284 150 4
284 151 4
284 168 5
284 173 5
284 174 5
284 181 5
284 195 5
284 202 5
284 204 4
284 216 5
284 222 5
284 227 5
284 229 4
284 230 5
284 234 5
284 235 5
284 237 4
284 239 4
284 248 4
284 250 5
284 252 3
284 255 4
284 257 5
284 258 5
284 265 4
284 274 4
284 275 5
284 293 4
284 294 4
284 300 4
284 313 4
284 315 4
284 318 4
284 343 4
284 385 5
284 392 4
284 399 4
284 405 4
284 419 4
284 422 4
284 427 5
284 431 3
284 449 5
284 451 4
284 463 4
284 472 4
284 510 4
284 550 4
284 560 4
284 562 4
284 568 5
284 578 4
284 588 4
284 597 4
284 625 4
284 651 4
284 655 4
284 665 4
284 679 4
284 692 5
284 699 4
284 746 4
284 755 3
284 778 4
284 823 4
284 829 3
284 849 4
284 879 4
284 926 4
285 245 2
285 288 2
285 289 2
285 294 2
285 303 2
285 313 3
285 321 3
285 326 2
285 330 2
285 341 2
285 748 3
286 1 5
286 3 3
286 7 3
286 10 2
286 13 3
286 14 5
286 15 3
286 20 3
286 93 4
286 109 4
286 111 3
286 117 3
286 121 4
286 123 3
286 124 3
286 127 5
286 129 4
286 137 4
286 146 4
286 147 3
286 150 4
286 151 4
286 181 5
286 220 4
286 221 4
286 235 5
286 236 4
286 237 2
286 245 2
286 248 3
286 250 4
286 255 2
286 257 4
286 258 5
286 262 3
286 264 2
286 270 4
286 273 3
286 275 3
286 276 3
286 277 3
286 280 3
286 282 3
286 284 3
286 285 3
286 286 3
286 287 3
286 295 3
286 298 3
286 299 3
286 300 3
286 305 3
286 319 3
286 321 3
286 322 3
286 327 3
286 331 3
286 332 3
286 333 3
286 336 3
286 471 3
286 475 3
286 476 3
286 508 3
286 591 3
286 595 3
286 597 3
286 620 3
286 628 2
286 678 3
286 689 3
286 696 3
286 717 3
286 718 3
286 742 3
286 748 3
286 762 3
286 766 3
286 818 3
286 823 3
286 845 3
286 846 3
286 864 2
286 872 3
286 874 3
286 879 3
286 880 3
286 882 3
286 886 3
286 887 2
286 924 3
286 935 3
286 975 3
286 994 3
286 995 3
287 1 3
287 2 3
287 3 3
287 4 3
287 12 5
287 17 3
287 25 3
287 28 4
287 31 2
287 38 3
287 42 3
287 43 3
287 45 3
287 48 2
287 49 3
287 50 5
287 55 3
287 56 4
287 58 3
287 66 3
287 68 2
287 69 3
287 71 4
287 73 3
287 76 2
287 77 3
287 79 4
287 81 2
287 82 3
287 87 2
287 88 3
287 92 3
287 95 3
287 96 4
287 97 4
287 99 3
287 100 4
287 111 4
287 117 3
287 121 3
287 125 3
287 128 3
287 133 2
287 136 3
287 140 4
287 143 4
287 144 5
287 150 2
287 160 3
287 161 4
287 172 3
287 174 4
287 176 4
287 179 3
287 181 3
287 183 4
287 188 3
287 191 4
287 194 3
287 195 3
287 196 3
287 202 4
287 206 2
287 215 4
287 216 3
287 222 4
287 226 3
287 227 3
287 230 4
287 232 3
287 237 3
287 239 3
287 249 2
287 252 3
287 255 3
287 257 4
287 258 4
287 259 3
287 260 3
287 265 3
287 270 2
287 272 5
287 273 3
287 276 4
287 280 3
287 282 3
287 286 3
287 288 3
287 289 2
287 293 3
287 294 3
287 298 3
287 300 4
287 318 3
287 333 3
287 347 3
287 356 3
287 366 2
287 367 4
287 378 3
287 402 3
287 403 2
287 404 3
287 411 3
287 412 3
287 419 3
287 423 4
287 432 3
287 455 3
287 462 3
287 470 3
287 471 3
287 474 3
287 501 3
287 540 3
287 541 3
287 546 3
287 549 3
287 550 3
287 566 3
287 572 3
287 578 3
287 586 3
287 588 4
287 591 3
287 596 3
287 597 3
287 620 3
287 627 3
287 628 3
287 652 3
287 658 3
287 672 3
287 679 3
287 684 3
287 685 3
287 686 3
287 692 3
287 710 3
287 713 3
287 727 3
287 732 3
287 735 3
287 742 3
287 747 3
287 748 3
287 768 3
287 772 3
287 779 3
287 781 3
287 790 3
287 794 3
287 820 3
287 823 3
287 833 3
287 845 2
287 932 3
287 939 2
287 941 3
287 956 3
287 978 4
288 1 4
288 8 2
288 11 3
288 22 4
288 28 3
288 33 4
288 50 5
288 58 3
288 64 5
288 69 3
288 70 3
288 83 3
288 87 4
288 96 5
288 98 3
288 100 5
288 111 3
288 133 3
288 135 4
288 154 4
288 164 3
288 168 4
288 172 3
288 173 5
288 176 4
288 180 3
288 181 4
288 182 4
288 183 4
288 185 4
288 186 4
288 187 4
288 190 4
288 196 5
288 198 3
288 199 4
288 200 2
288 203 4
288 207 3
288 210 4
288 211 3
288 222 4
288 228 4
288 230 4
288 238 4
288 243 2
288 245 2
288 258 4
288 259 2
288 260 3
288 265 4
288 269 4
288 292 3
288 299 3
288 304 3
288 318 3
288 328 3
288 333 3
288 358 3
288 385 3
288 405 3
288 414 3
288 419 2
288 429 3
288 434 4
288 468 3
288 474 4
288 480 3
288 483 4
288 485 2
288 491 4
288 493 4
288 496 4
288 498 4
288 500 2
288 510 4
288 511 4
288 514 4
288 515 4
288 520 4
288 521 4
288 523 4
288 526 4
288 527 4
288 568 3
288 605 3
288 612 4
288 655 4
288 659 3
288 662 3
288 692 3
288 707 2
288 724 3
288 732 2
288 776 3
288 845 3
288 880 3
288 890 3
289 243 2
289 258 5
289 259 1
289 260 2
289 261 3
289 263 1
289 264 3
289 266 2
289 268 4
289 271 2
289 272 3
289 286 3
289 288 3
289 292 3
289 294 3
289 301 3
289 302 3
289 304 3
289 308 3
289 310 3
289 313 4
289 315 3
289 316 3
289 319 3
289 321 3
289 324 3
289 325 3
289 326 3
289 327 3
289 330 3
289 331 3
289 332 3
289 333 3
289 334 3
289 339 3
289 340 3
289 342 3
289 343 3
289 349 3
289 353 3
289 355 3
289 358 3
289 457 3
289 538 3
289 678 3
289 680 3
289 681 2
289 682 3
289 687 3
289 689 3
289 748 3
289 750 3
289 751 3
289 752 3
289 872 4
289 873 4
289 874 3
289 875 3
289 878 3
289 881 4
289 883 3
289 887 2
289 890 3
289 892 4
289 902 4
289 948 4
289 988 3
289 989 3
289 991 3
290 1 2
290 9 2
290 15 4
290 50 2
290 93 2
290 117 2
290 124 4
290 126 2
290 127 3
290 137 2
290 150 2
290 151 2
290 181 3
290 224 2
290 237 4
290 258 2
290 273 4
290 277 2
290 284 2
290 286 3
290 292 2
290 293 2
290 298 2
290 302 2
290 333 2
290 410 2
290 455 3
290 473 2
290 475 3
290 596 2
290 741 2
290 764 1
290 847 1
290 919 1
290 926 3
290 993 1
291 45 3
291 100 3
291 124 3
291 129 3
291 190 3
291 237 3
291 258 3
291 273 3
291 285 3
291 286 3
291 340 3
291 475 3
291 657 4
291 696 2
291 900 2
292 45 3
292 56 4
292 69 3
292 83 2
292 86 4
292 97 4
292 100 5
292 124 5
292 127 3
292 131 2
292 137 4
292 186 4
292 187 4
292 192 4
292 193 3
292 205 3
292 212 3
292 221 4
292 242 3
292 285 3
292 286 5
292 291 3
292 318 3
292 479 2
292 482 2
292 483 4
292 492 3
292 511 4
292 523 1
292 527 4
292 528 2
292 531 2
292 654 4
292 772 5
293 1 5
293 7 4
293 11 3
293 12 5
293 22 4
293 24 3
293 48 3
293 50 5
293 59 3
293 60 4
293 65 3
293 69 4
293 71 3
293 79 4
293 82 5
293 91 4
293 95 3
293 96 4
293 98 4
293 100 5
293 115 5
293 117 3
293 118 3
293 121 3
293 124 5
293 127 5
293 150 4
293 151 3
293 154 4
293 156 3
293 168 5
293 171 4
293 172 4
293 173 5
293 174 5
293 175 5
293 176 4
293 180 3
293 181 5
293 182 4
293 183 5
293 188 3
293 191 5
293 192 3
293 195 5
293 196 5
293 209 4
293 210 4
293 222 4
293 234 5
293 235 5
293 238 4
293 239 3
293 250 4
293 252 2
293 257 4
293 258 5
293 260 2
293 264 2
293 265 3
293 271 3
293 273 3
293 275 3
293 284 3
293 288 3
293 300 3
293 318 5
293 323 3
293 327 3
293 328 4
293 343 3
293 357 3
293 369 3
293 404 2
293 405 3
293 410 3
293 411 3
293 431 3
293 455 4
293 462 4
293 475 3
293 483 4
293 527 1
293 528 2
293 546 3
293 550 4
293 597 3
293 647 3
293 652 3
293 684 2
293 687 3
293 693 2
293 742 3
293 746 3
293 751 1
293 754 3
293 762 3
293 763 4
293 876 3
293 879 3
293 886 3
293 890 3
293 925 3
294 9 4
294 50 3
294 64 5
294 65 3
294 86 3
294 98 3
294 100 4
294 107 2
294 126 3
294 174 4
294 183 4
294 191 4
294 194 4
294 199 3
294 222 4
294 237 4
294 286 3
294 289 4
294 294 2
294 322 3
294 357 3
294 427 1
294 507 3
294 528 4
294 748 3
295 2 3
295 4 3
295 11 4
295 29 3
295 44 3
295 50 4
295 53 3
295 54 3
295 56 4
295 64 4
295 68 2
295 69 3
295 71 3
295 79 4
295 84 3
295 86 2
295 88 2
295 89 2
295 90 3
295 91 2
295 94 3
295 95 4
295 98 3
295 101 2
295 109 3
295 120 2
295 121 4
295 132 4
295 133 4
295 139 4
295 140 3
295 143 4
295 144 4
295 145 3
295 147 3
295 151 4
295 153 4
295 155 2
295 157 3
295 158 4
295 161 3
295 162 3
295 163 3
295 167 3
295 168 4
295 172 4
295 173 3
295 176 2
295 179 4
295 181 4
295 184 3
295 186 4
295 188 3
295 191 4
295 195 4
295 200 2
295 201 2
295 202 4
295 204 4
295 214 4
295 216 4
295 217 3
295 219 4
295 222 4
295 227 4
295 228 4
295 229 2
295 230 4
295 231 2
295 232 3
295 234 3
295 235 2
295 265 3
295 282 3
295 288 3
295 357 3
295 379 4
295 380 3
295 385 4
295 386 3
295 389 4
295 391 3
295 392 3
295 395 4
295 402 3
295 403 5
295 404 2
295 413 3
295 416 3
295 417 3
295 421 4
295 423 3
295 431 3
295 433 4
295 435 3
295 444 2
295 447 3
295 449 4
295 451 4
295 452 2
295 465 3
295 470 3
295 472 3
295 478 3
295 479 3
295 496 5
295 501 3
295 504 3
295 505 3
295 507 3
295 523 3
295 559 3
295 566 4
295 575 5
295 581 4
295 616 3
295 622 2
295 629 3
295 642 4
295 650 4
295 658 3
295 660 4
295 665 2
295 671 5
295 674 3
295 679 3
295 684 3
295 705 3
295 732 3
295 742 3
295 768 4
295 770 3
295 790 3
295 796 3
295 797 3
295 831 3
295 843 3
295 924 3
295 944 3
296 7 2
296 10 2
296 11 2
296 17 2
296 33 2
296 38 2
296 39 2
296 42 2
296 50 2
296 53 2
296 56 2
296 64 2
296 77 2
296 87 2
296 89 2
296 96 2
296 97 2
296 98 2
296 99 2
296 109 2
296 132 2
296 133 2
296 135 2
296 136 2
296 141 2
296 143 2
296 147 2
296 150 2
296 154 2
296 156 2
296 158 2
296 164 1
296 172 2
296 173 2
296 181 2
296 183 2
296 186 2
296 191 2
296 204 2
296 222 2
296 227 2
296 228 2
296 229 2
296 246 2
296 268 2
296 288 2
296 318 2
296 356 2
296 378 2
296 380 2
296 393 2
296 417 2
296 418 2
296 420 2
296 432 2
296 433 2
296 469 2
296 480 2
296 485 2
296 526 2
296 528 2
296 532 2
296 561 2
296 607 2
296 625 2
296 633 3
296 659 2
296 727 2
296 743 2
296 746 2
296 774 2
296 825 3
296 921 2
297 1 4
297 2 3
297 3 3
297 11 2
297 12 5
297 13 3
297 19 3
297 24 3
297 25 4
297 28 3
297 31 3
297 38 2
297 39 3
297 54 3
297 56 4
297 66 4
297 67 3
297 70 3
297 71 3
297 72 4
297 77 3
297 79 4
297 80 3
297 82 3
297 87 4
297 89 4
297 94 4
297 95 4
297 96 4
297 97 3
297 98 4
297 99 3
297 100 5
297 101 2
297 105 2
297 108 5
297 109 5
297 114 5
297 118 3
297 122 3
297 127 5
297 139 4
297 145 2
297 152 3
297 153 3
297 155 2
297 161 4
297 163 3
297 164 3
297 167 2
297 168 4
297 173 5
297 174 4
297 175 5
297 181 4
297 185 4
297 186 4
297 187 4
297 188 3
297 189 3
297 195 4
297 197 3
297 202 5
297 204 4
297 208 4
297 217 3
297 225 2
297 227 4
297 228 4
297 229 4
297 230 4
297 233 2
297 234 3
297 240 3
297 242 5
297 248 4
297 250 4
297 252 2
297 257 4
297 258 5
297 260 1
297 268 4
297 273 3
297 274 2
297 288 4
297 291 3
297 298 3
297 325 3
297 358 3
297 363 4
297 364 3
297 373 4
297 382 4
297 384 3
297 385 4
297 386 4
297 393 2
297 395 3
297 399 4
297 403 3
297 405 4
297 407 4
297 408 4
297 412 3
297 418 5
297 420 3
297 423 4
297 431 3
297 432 2
297 451 3
297 452 2
297 455 3
297 465 2
297 472 2
297 475 4
297 501 4
297 508 4
297 510 3
297 526 3
297 540 4
297 545 2
297 549 4
297 550 4
297 552 3
297 559 4
297 562 4
297 566 4
297 568 3
297 570 3
297 575 3
297 577 3
297 578 3
297 588 5
297 590 3
297 597 4
297 603 4
297 625 3
297 627 3
297 645 3
297 651 4
297 652 3
297 655 3
297 657 3
297 679 3
297 692 4
297 716 3
297 720 3
297 721 3
297 722 3
297 724 3
297 731 3
297 741 3
297 746 3
297 748 3
297 758 2
297 765 3
297 771 3
297 780 2
297 781 2
297 783 3
297 790 3
297 792 2
297 797 3
297 802 3
297 809 4
297 810 3
297 840 3
297 849 3
297 864 4
297 940 3
297 943 3
297 1000 3
298 10 3
298 11 4
298 12 4
298 23 3
298 32 2
298 50 5
298 53 3
298 56 4
298 59 3
298 61 3
298 79 4
298 83 3
298 89 1
298 98 2
298 121 3
298 124 3
298 127 1
298 136 3
298 137 3
298 144 4
298 150 2
298 151 4
298 156 2
298 160 3
298 164 3
298 168 3
298 171 2
298 172 3
298 175 4
298 176 3
298 182 4
298 183 4
298 186 4
298 187 4
298 191 4
298 192 2
298 197 4
298 202 5
298 203 2
298 204 3
298 210 4
298 212 3
298 218 3
298 222 3
298 228 4
298 229 3
298 258 4
298 262 3
298 271 3
298 275 3
298 288 3
298 293 3
298 302 3
298 340 3
298 381 3
298 425 3
298 435 3
298 443 3
298 447 3
298 449 3
298 464 3
298 474 4
298 475 3
298 483 3
298 484 3
298 486 3
298 489 3
298 512 3
298 514 3
298 515 3
298 522 3
298 525 3
298 538 3
298 548 4
298 554 3
298 558 2
298 591 3
298 594 3
298 603 4
298 631 3
298 649 3
298 652 3
298 656 3
298 664 3
298 675 4
298 693 3
298 754 3
298 772 3
298 806 3
298 887 3
298 919 3
298 922 3
298 985 3
299 8 5
299 11 4
299 12 4
299 50 4
299 87 4
299 97 4
299 117 4
299 127 4
299 132 4
299 136 4
299 153 4
299 157 4
299 176 4
299 177 4
299 181 4
299 182 4
299 183 4
299 191 4
299 193 4
299 194 4
299 198 4
299 202 4
299 207 4
299 210 4
299 213 4
299 215 4
299 238 4
299 251 4
299 271 4
299 272 4
299 275 5
299 295 4
299 300 4
299 301 4
299 307 4
299 312 4
299 313 4
299 318 4
299 326 4
299 357 4
299 414 4
299 425 4
299 463 5
299 474 5
299 482 5
299 483 5
299 484 5
299 486 4
299 497 5
299 511 5
299 516 4
299 520 5
299 521 5
299 530 5
299 539 4
299 605 4
299 651 4
299 657 4
299 661 5
299 663 4
299 664 4
299 690 4
299 692 5
299 742 4
299 750 4
299 879 5
299 886 3
299 887 4
299 902 5
300 1 4
300 3 3
300 8 3
300 9 3
300 25 3
300 28 4
300 30 3
300 39 3
300 42 3
300 43 4
300 44 3
300 45 3
300 50 4
300 56 4
300 58 3
300 61 3
300 62 3
300 69 3
300 70 3
300 72 3
300 83 3
300 88 3
300 89 3
300 94 3
300 97 5
300 98 4
300 100 3
300 111 4
300 116 3
300 118 3
300 120 3
300 125 2
300 129 3
300 133 2
300 135 3
300 143 3
300 147 3
300 159 3
300 164 3
300 172 3
300 175 3
300 179 3
300 181 3
300 196 3
300 202 3
300 204 3
300 208 2
300 210 4
300 211 3
300 216 3
300 217 3
300 223 2
300 234 3
300 235 3
300 237 3
300 238 3
300 244 3
300 245 2
300 246 3
300 250 3
300 252 3
300 255 3
300 257 4
300 258 3
300 268 3
300 274 3
300 275 4
300 276 4
300 281 3
300 282 3
300 283 3
300 284 3
300 285 3
300 287 3
300 294 3
300 298 3
300 300 4
300 301 3
300 304 3
300 316 3
300 325 3
300 381 3
300 386 3
300 387 3
300 393 3
300 396 3
300 405 3
300 407 3
300 412 3
300 421 3
300 448 3
300 464 3
300 469 3
300 471 3
300 472 4
300 475 3
300 476 4
300 498 3
300 509 3
300 514 3
300 517 3
300 522 2
300 529 4
300 531 3
300 535 4
300 553 3
300 559 3
300 568 3
300 569 3
300 584 3
300 611 3
300 619 3
300 639 3
300 640 3
300 660 3
300 662 3
300 665 3
300 699 3
300 708 3
300 709 3
300 714 3
300 721 3
300 729 3
300 735 4
300 739 4
300 742 4
300 762 3
300 768 3
300 775 4
300 780 2
300 781 3
300 815 3
300 821 3
300 827 3
300 836 3
300 845 3
300 930 4
300 964 3
300 971 3
300 988 3
300 996 3
