301 195 3
301 204 4
301 269 3
301 283 2
301 318 3
301 423 3
301 481 3
301 515 2
302 242 2
302 268 1
302 286 4
302 300 2
302 304 1
302 313 3
302 315 1
302 316 2
302 875 2
303 258 5
303 294 5
303 300 4
303 301 4
303 305 3
303 306 4
303 319 4
303 325 4
303 332 4
303 333 4
303 340 4
303 343 4
304 136 2
304 172 4
304 193 3
304 237 5
304 245 5
304 286 5
304 480 4
304 566 3
304 603 3
304 606 3
304 705 2
305 87 2
305 204 4
305 288 4
305 327 3
305 427 2
305 651 2
305 655 3
306 1 4
306 50 4
306 127 3
306 151 4
306 252 3
306 255 3
306 748 4
306 924 1
307 111 3
307 121 4
307 125 3
307 181 4
307 220 3
307 252 3
307 258 4
307 298 3
307 300 3
307 458 2
307 546 4
307 815 2
307 926 3
308 336 1
308 353 4
308 751 3
308 873 5
308 879 4
309 268 3
309 270 1
309 292 2
309 300 4
309 302 3
309 313 4
309 335 3
309 343 2
309 346 3
309 682 3
309 689 2
309 895 1
310 21 2
310 94 2
310 181 3
310 258 3
310 300 2
310 473 2
310 596 2
311 1 4
311 50 4
311 151 4
311 259 3
311 269 3
311 272 3
311 300 4
311 736 2
312 1 5
312 9 4
312 100 5
312 129 3
312 268 4
312 276 4
312 410 4
312 475 4
312 740 3
313 243 3
313 286 4
313 289 3
313 310 2
313 311 1
313 313 4
313 323 4
313 332 3
313 748 4
314 288 5
314 300 5
314 313 5
314 319 4
314 326 3
314 333 4
314 538 3
315 117 5
315 125 4
315 243 4
315 245 5
315 288 5
315 301 4
315 304 4
315 326 3
315 339 3
315 340 4
315 410 4
315 748 5
315 988 4
316 14 2
316 25 4
316 286 4
316 313 3
316 319 3
316 321 3
316 676 1
317 272 3
317 340 3
317 345 1
317 690 2
317 902 2
318 22 4
318 258 5
318 269 5
318 286 5
318 288 5
318 301 4
318 311 3
318 313 5
318 515 3
318 525 2
318 538 4
318 882 4
319 271 2
319 288 3
319 289 2
319 301 2
319 310 1
319 322 2
319 338 2
319 538 2
319 682 2
319 690 2
319 877 2
319 989 2
320 258 4
320 262 2
320 268 3
320 269 3
320 271 3
320 305 1
320 307 3
320 325 3
320 333 3
320 689 2
320 890 3
321 150 3
321 151 4
321 191 5
321 194 4
321 198 2
321 205 3
321 222 5
321 237 5
321 276 4
321 288 5
321 455 4
321 514 4
321 538 3
321 902 3
322 7 3
322 21 2
322 24 2
322 125 2
322 222 3
322 405 3
322 410 2
322 685 2
322 849 2
323 100 3
323 257 4
323 261 2
323 288 4
323 294 5
323 328 3
323 456 2
323 881 3
324 245 2
324 258 3
324 289 2
324 322 2
324 323 3
324 328 2
324 680 1
324 879 2
325 237 4
325 259 3
325 275 3
325 278 2
325 300 3
325 313 3
325 328 3
325 343 3
325 681 3
325 682 2
325 742 3
325 895 3
326 13 3
326 14 3
326 150 2
326 235 3
326 242 2
326 269 3
326 286 4
326 287 2
326 321 3
326 476 3
326 756 3
327 286 4
327 304 3
327 331 3
327 333 3
327 334 1
327 690 3
328 251 3
328 257 4
328 258 4
328 304 3
328 740 3
328 748 5
328 845 3
329 264 3
329 271 3
329 299 1
329 300 4
329 322 3
329 326 3
329 328 3
329 350 3
329 354 3
329 879 3
330 259 4
330 269 3
330 301 3
330 313 4
330 333 4
330 338 5
330 689 4
330 750 3
330 751 3
330 879 4
330 880 3
331 1 5
331 5 3
331 7 5
331 8 3
331 9 4
331 11 4
331 12 3
331 22 4
331 31 4
331 38 4
331 44 3
331 53 4
331 54 4
331 56 4
331 70 4
331 73 3
331 77 4
331 79 4
331 82 5
331 95 4
331 96 4
331 97 4
331 98 5
331 105 5
331 106 3
331 117 5
331 118 5
331 120 5
331 121 5
331 122 4
331 123 4
331 125 5
331 144 4
331 148 4
331 156 4
331 159 3
331 172 4
331 174 5
331 181 5
331 182 4
331 195 5
331 204 4
331 210 5
331 218 4
331 222 5
331 228 4
331 229 4
331 230 4
331 232 3
331 233 3
331 234 4
331 235 4
331 237 5
331 240 4
331 249 3
331 252 5
331 255 4
331 257 4
331 258 5
331 264 3
331 265 4
331 271 4
331 273 4
331 282 4
331 288 5
331 291 4
331 293 2
331 294 5
331 295 2
331 298 3
331 300 5
331 307 4
331 313 4
331 323 5
331 326 4
331 327 4
331 328 5
331 333 4
331 342 1
331 354 4
331 356 3
331 369 4
331 370 4
331 405 5
331 406 4
331 409 4
331 410 4
331 431 4
331 449 4
331 450 4
331 451 3
331 470 3
331 546 5
331 566 3
331 597 4
331 628 3
331 651 3
331 660 3
331 673 2
331 679 3
331 682 4
331 684 3
331 693 3
331 696 2
331 717 3
331 728 2
331 742 5
331 746 1
331 756 4
331 763 4
331 770 2
331 815 3
331 824 3
331 827 3
331 831 4
331 833 1
331 840 3
331 841 2
331 845 4
331 866 4
331 871 4
331 879 4
331 928 3
331 931 5
331 934 4
331 975 2
331 978 3
331 982 3
331 983 4
332 66 3
332 88 2
332 98 4
332 100 4
332 168 3
332 174 4
332 186 3
332 276 4
332 435 3
332 513 2
332 739 3
332 748 4
332 873 4
333 4 3
333 7 4
333 8 2
333 9 3
333 12 3
333 13 3
333 19 1
333 20 2
333 22 3
333 23 2
333 28 4
333 42 3
333 50 4
333 52 2
333 56 4
333 58 3
333 59 1
333 61 2
333 68 3
333 69 3
333 72 2
333 73 2
333 74 4
333 77 3
333 79 4
333 81 2
333 82 3
333 83 2
333 86 2
333 89 4
333 91 3
333 93 2
333 95 3
333 98 4
333 100 4
333 111 3
333 115 3
333 116 2
333 117 4
333 124 3
333 125 3
333 127 4
333 131 2
333 132 3
333 134 2
333 135 3
333 143 3
333 150 2
333 151 4
333 153 3
333 154 3
333 155 2
333 160 2
333 163 2
333 164 2
333 168 3
333 169 1
333 170 1
333 171 3
333 172 3
333 173 4
333 174 4
333 175 3
333 176 3
333 179 2
333 181 4
333 182 3
333 183 3
333 185 3
333 186 3
333 191 4
333 196 3
333 197 3
333 200 3
333 203 3
333 204 4
333 207 3
333 210 4
333 213 2
333 216 3
333 217 3
333 220 3
333 221 2
333 222 3
333 223 1
333 224 3
333 225 3
333 227 3
333 228 3
333 229 3
333 230 3
333 231 3
333 235 3
333 237 4
333 238 3
333 239 2
333 244 2
333 245 4
333 248 3
333 250 3
333 255 3
333 258 4
333 265 3
333 268 3
333 269 3
333 272 2
333 275 3
333 276 3
333 277 2
333 282 3
333 283 2
333 285 2
333 286 4
333 287 2
333 288 4
333 289 4
333 293 2
333 297 1
333 300 4
333 301 3
333 302 3
333 303 3
333 305 2
333 306 2
333 310 3
333 311 2
333 312 2
333 315 2
333 316 3
333 317 2
333 318 3
333 319 2
333 322 3
333 324 2
333 326 3
333 328 3
333 333 4
333 337 3
333 338 3
333 340 3
333 345 3
333 346 3
333 347 3
333 371 2
333 387 2
333 396 2
333 405 4
333 408 1
333 421 2
333 423 3
333 425 2
333 427 3
333 428 1
333 429 1
333 430 1
333 433 3
333 436 1
333 443 3
333 449 2
333 450 4
333 461 1
333 462 3
333 474 2
333 476 4
333 481 3
333 483 3
333 484 1
333 488 2
333 494 1
333 498 2
333 500 3
333 502 1
333 505 1
333 506 1
333 508 3
333 510 2
333 512 1
333 514 3
333 515 2
333 521 2
333 525 3
333 529 1
333 531 2
333 537 3
333 553 2
333 558 2
333 566 3
333 569 2
333 577 2
333 582 2
333 591 2
333 603 2
333 606 2
333 607 3
333 608 3
333 620 3
333 628 3
333 629 2
333 631 2
333 635 3
333 640 2
333 642 2
333 652 2
333 655 3
333 657 2
333 658 1
333 663 1
333 675 2
333 684 2
333 689 2
333 693 2
333 707 2
333 708 2
333 709 1
333 710 2
333 712 1
333 716 2
333 736 1
333 740 3
333 742 4
333 744 2
333 746 1
333 753 3
333 762 3
333 792 2
333 815 2
333 840 3
333 845 2
333 846 1
333 855 1
333 856 3
333 865 3
333 870 3
333 877 3
333 879 3
333 886 3
333 887 3
333 888 3
333 896 1
333 899 3
333 902 2
333 905 2
333 931 4
333 936 3
333 937 3
333 945 3
333 950 2
333 955 3
333 961 3
333 969 1
334 258 4
334 260 3
334 269 3
334 300 4
334 313 3
334 322 3
334 323 4
334 324 3
334 342 2
334 347 3
334 902 1
335 3 4
335 4 3
335 13 4
335 15 4
335 33 2
335 41 4
335 42 3
335 49 3
335 56 5
335 63 3
335 66 3
335 67 3
335 70 4
335 88 2
335 90 2
335 105 4
335 111 3
335 117 4
335 122 3
335 124 3
335 125 3
335 151 5
335 153 3
335 154 3
335 158 2
335 168 3
335 186 3
335 202 4
335 204 4
335 208 3
335 216 3
335 232 2
335 237 4
335 239 2
335 275 3
335 276 4
335 282 4
335 288 4
335 290 3
335 367 3
335 383 4
335 388 3
335 395 1
335 399 3
335 401 3
335 405 5
335 410 3
335 451 3
335 475 1
335 546 5
335 571 3
335 575 3
335 577 3
335 619 3
335 628 2
335 692 3
335 710 3
335 722 3
335 732 3
335 738 3
335 742 4
335 763 2
335 781 3
335 785 2
335 790 3
335 796 3
335 824 3
335 845 5
335 859 3
335 864 3
335 926 4
335 959 3
335 998 3
335 999 3
336 15 3
336 106 2
336 121 4
336 127 3
336 135 3
336 222 4
336 228 3
336 235 3
336 371 2
336 380 1
336 392 2
336 449 2
336 515 2
336 520 1
336 636 2
336 742 3
336 831 3
336 879 2
337 1 5
337 56 5
337 79 5
337 83 4
337 100 4
337 132 4
337 133 4
337 134 3
337 135 5
337 168 4
337 170 2
337 175 5
337 189 2
337 194 4
337 196 5
337 197 4
337 208 4
337 211 4
337 212 3
337 215 5
337 269 5
337 286 5
337 294 5
337 306 3
337 408 2
337 427 4
337 435 4
337 443 4
337 462 4
337 474 3
337 480 3
337 483 4
337 484 2
337 486 2
337 490 1
337 494 1
337 498 3
337 511 3
337 513 3
337 514 4
337 516 2
337 523 3
337 525 1
337 603 4
337 604 2
337 606 2
337 607 1
337 613 4
337 650 1
337 654 4
337 663 3
337 708 3
337 792 3
337 945 4
338 1 4
338 4 3
338 5 2
338 7 4
338 11 3
338 12 3
338 22 3
338 23 2
338 25 4
338 28 3
338 29 3
338 30 3
338 32 1
338 42 2
338 45 2
338 47 3
338 50 4
338 55 2
338 58 3
338 64 3
338 65 2
338 67 4
338 69 4
338 73 2
338 74 4
338 76 3
338 79 4
338 80 3
338 81 1
338 86 2
338 88 3
338 89 4
338 91 3
338 97 3
338 98 4
338 100 4
338 101 2
338 117 4
338 121 4
338 124 3
338 126 3
338 127 4
338 130 3
338 131 2
338 132 3
338 133 3
338 134 2
338 135 3
338 136 2
338 139 2
338 144 3
338 145 3
338 150 2
338 151 4
338 153 3
338 154 2
338 156 3
338 159 2
338 160 2
338 161 4
338 163 2
338 167 2
338 168 3
338 170 1
338 173 4
338 174 4
338 175 3
338 179 2
338 180 3
338 181 4
338 182 3
338 183 3
338 185 3
338 186 3
338 188 3
338 190 2
338 191 4
338 192 1
338 194 3
338 195 4
338 196 3
338 197 3
338 198 1
338 199 2
338 203 3
338 204 4
338 205 2
338 208 3
338 209 3
338 214 1
338 222 4
338 226 3
338 227 3
338 228 3
338 231 4
338 233 2
338 234 3
338 235 3
338 238 3
338 240 3
338 248 3
338 257 4
338 258 4
338 265 3
338 269 4
338 270 3
338 276 4
338 286 5
338 288 4
338 298 2
338 302 4
338 317 2
338 327 3
338 347 3
338 357 3
338 380 2
338 402 2
338 403 3
338 404 2
338 410 3
338 411 3
338 415 1
338 423 3
338 427 2
338 428 1
338 431 2
338 433 3
338 435 3
338 436 2
338 447 1
338 451 2
338 461 1
338 469 1
338 474 2
338 475 3
338 478 2
338 479 2
338 483 3
338 484 1
338 485 3
338 488 2
338 496 3
338 503 1
338 508 3
338 509 2
338 511 2
338 514 3
338 515 2
338 516 1
338 521 2
338 522 1
338 523 2
338 525 3
338 528 1
338 530 1
338 546 4
338 549 2
338 550 3
338 566 3
338 568 3
338 573 1
338 582 2
338 589 1
338 603 2
338 607 3
338 614 1
338 631 2
338 636 2
338 637 3
338 640 2
338 642 2
338 649 3
338 650 1
338 655 3
338 657 2
338 661 1
338 663 2
338 673 2
338 675 1
338 678 4
338 693 1
338 702 2
338 709 2
338 719 1
338 737 2
338 739 3
338 770 2
338 772 1
338 806 1
338 823 2
338 845 3
338 856 3
338 939 1
338 942 3
338 961 3
339 1 4
339 15 4
339 50 5
339 66 3
339 71 3
339 143 3
339 173 3
339 174 4
339 186 3
339 199 2
339 204 3
339 205 3
339 215 3
339 265 3
339 274 3
339 417 3
339 418 2
339 423 3
339 435 3
339 502 1
339 504 3
339 520 1
339 526 2
339 584 2
339 588 2
339 946 1
340 3 2
340 4 3
340 7 4
340 8 3
340 11 3
340 13 4
340 15 4
340 23 2
340 25 4
340 26 3
340 28 3
340 32 2
340 47 2
340 56 4
340 58 2
340 68 3
340 92 1
340 93 2
340 95 3
340 98 4
340 100 3
340 108 2
340 111 3
340 122 2
340 123 3
340 124 3
340 125 3
340 131 3
340 132 3
340 133 2
340 134 2
340 135 3
340 143 3
340 144 3
340 156 3
340 160 2
340 174 4
340 175 3
340 179 2
340 188 3
340 189 2
340 191 4
340 192 1
340 193 2
340 194 3
340 196 4
340 197 3
340 204 4
340 208 2
340 212 1
340 216 3
340 220 3
340 223 1
340 237 4
340 238 3
340 240 3
340 248 3
340 251 1
340 255 5
340 257 4
340 262 1
340 274 4
340 276 4
340 282 4
340 287 1
340 288 4
340 289 3
340 294 4
340 297 1
340 298 2
340 301 3
340 319 3
340 320 3
340 326 2
340 327 4
340 357 3
340 367 3
340 378 2
340 381 3
340 382 3
340 408 1
340 410 3
340 412 4
340 421 1
340 423 3
340 427 2
340 433 3
340 461 1
340 478 1
340 482 3
340 483 3
340 487 1
340 496 3
340 499 1
340 508 3
340 517 1
340 518 1
340 531 2
340 535 3
340 544 4
340 547 1
340 574 3
340 581 3
340 584 3
340 591 2
340 606 1
340 607 3
340 654 3
340 655 3
340 656 3
340 657 2
340 663 2
340 699 2
340 723 2
340 724 3
340 732 4
340 746 3
340 762 3
340 764 3
340 772 1
340 789 3
340 792 2
340 818 2
340 844 3
340 846 1
340 866 4
340 873 3
340 875 3
340 928 2
340 950 3
340 952 2
340 965 3
340 974 2
340 975 2
341 1 5
341 3 3
341 4 4
341 7 5
341 8 3
341 9 4
341 10 3
341 11 4
341 20 3
341 23 3
341 25 5
341 26 2
341 28 4
341 38 4
341 42 4
341 44 3
341 47 4
341 50 5
341 52 2
341 53 4
341 55 3
341 56 5
341 57 2
341 58 4
341 62 4
341 63 3
341 65 3
341 66 4
341 67 4
341 68 4
341 69 4
341 76 1
341 77 4
341 79 4
341 81 3
341 82 4
341 83 4
341 86 4
341 87 3
341 88 3
341 89 5
341 90 4
341 97 4
341 98 5
341 100 5
341 117 5
341 118 5
341 121 5
341 124 4
341 127 4
341 130 1
341 132 4
341 134 3
341 135 4
341 137 3
341 143 4
341 144 4
341 147 4
341 153 4
341 154 3
341 155 4
341 156 3
341 159 3
341 163 3
341 164 2
341 168 4
341 169 2
341 174 5
341 176 4
341 177 3
341 179 3
341 186 4
341 187 3
341 188 4
341 189 3
341 191 4
341 193 3
341 194 4
341 196 4
341 197 4
341 199 4
341 200 4
341 208 4
341 211 4
341 214 3
341 223 2
341 228 4
341 229 4
341 231 4
341 234 4
341 235 4
341 236 2
341 237 5
341 238 4
341 241 4
341 250 4
341 257 4
341 265 4
341 269 4
341 275 4
341 276 4
341 277 2
341 288 5
341 297 2
341 302 4
341 303 4
341 306 3
341 318 4
341 324 3
341 333 4
341 334 5
341 357 4
341 358 4
341 367 4
341 371 3
341 375 4
341 382 3
341 385 4
341 405 5
341 408 2
341 410 4
341 423 4
341 427 4
341 429 2
341 435 4
341 449 3
341 458 4
341 461 2
341 462 4
341 463 2
341 471 5
341 473 4
341 474 4
341 476 5
341 483 4
341 498 3
341 499 2
341 510 3
341 515 3
341 521 3
341 523 3
341 527 4
341 530 2
341 536 4
341 546 5
341 555 4
341 559 4
341 561 4
341 568 4
341 569 3
341 581 1
341 582 3
341 606 3
341 614 2
341 631 3
341 642 3
341 654 3
341 655 4
341 657 3
341 660 4
341 684 3
341 702 2
341 703 2
341 708 3
341 712 2
341 724 2
341 727 2
341 729 3
341 739 4
341 744 3
341 747 3
341 778 3
341 786 1
341 792 3
341 919 3
341 921 4
341 930 4
341 931 5
341 943 2
341 950 3
341 951 3
341 961 1
341 980 4
342 1 4
342 4 3
342 5 2
342 7 4
342 8 3
342 9 4
342 11 3
342 13 3
342 14 3
342 22 3
342 25 4
342 26 2
342 39 2
342 45 1
342 58 3
342 70 4
342 73 2
342 79 3
342 86 3
342 87 2
342 88 3
342 89 4
342 95 3
342 96 3
342 97 3
342 98 4
342 106 2
342 111 4
342 118 4
342 119 3
342 122 3
342 124 3
342 125 3
342 127 3
342 129 2
342 132 3
342 137 2
342 148 4
342 169 1
342 172 3
342 174 3
342 175 3
342 176 3
342 181 4
342 183 3
342 190 2
342 191 3
342 195 4
342 196 3
342 198 2
342 202 3
342 203 3
342 204 4
342 208 2
342 210 4
342 213 2
342 215 3
342 216 4
342 222 4
342 228 3
342 235 3
342 237 4
342 244 1
342 245 4
342 246 3
342 248 3
342 251 3
342 255 3
342 269 3
342 272 3
342 274 3
342 275 3
342 276 4
342 278 1
342 280 2
342 281 3
342 283 2
342 284 3
342 285 2
342 286 4
342 288 4
342 291 2
342 295 2
342 297 1
342 298 2
342 301 4
342 304 3
342 306 2
342 311 2
342 313 4
342 315 2
342 316 1
342 322 4
342 357 3
342 372 3
342 385 3
342 405 4
342 433 3
342 451 2
342 459 1
342 462 3
342 471 3
342 472 3
342 476 4
342 477 2
342 478 2
342 479 2
342 486 2
342 487 2
342 494 1
342 508 3
342 509 2
342 511 2
342 516 2
342 535 3
342 537 3
342 559 3
342 562 1
342 568 3
342 597 4
342 619 3
342 647 1
342 660 3
342 663 2
342 678 4
342 684 2
342 694 1
342 696 1
342 707 2
342 708 2
342 709 1
342 713 3
342 716 2
342 742 3
342 751 3
342 764 2
342 815 3
342 844 5
342 845 3
342 864 3
342 896 1
342 926 3
342 928 2
342 955 3
343 1 5
343 4 4
343 9 4
343 11 4
343 13 5
343 14 4
343 15 5
343 25 5
343 26 2
343 28 5
343 33 2
343 43 2
343 44 2
343 48 3
343 49 3
343 50 5
343 51 3
343 64 4
343 65 3
343 66 4
343 69 5
343 70 4
343 71 5
343 77 4
343 79 4
343 81 3
343 87 3
343 88 3
343 93 3
343 98 5
343 100 5
343 111 4
343 118 5
343 121 5
343 124 4
343 125 4
343 126 4
343 131 5
343 132 4
343 137 3
343 143 4
343 148 4
343 151 5
343 170 2
343 172 4
343 173 5
343 174 4
343 191 4
343 196 4
343 197 4
343 202 5
343 204 5
343 216 4
343 220 4
343 221 2
343 223 2
343 226 4
343 234 5
343 235 4
343 237 5
343 239 3
343 241 4
343 245 5
343 246 3
343 255 5
343 258 5
343 262 3
343 269 4
343 272 4
343 274 4
343 278 2
343 280 3
343 282 4
343 283 5
343 284 4
343 285 3
343 287 5
343 288 5
343 289 4
343 291 3
343 294 5
343 295 3
343 298 4
343 300 5
343 302 5
343 303 4
343 305 3
343 311 3
343 312 4
343 313 5
343 315 3
343 317 3
343 323 5
343 325 3
343 332 4
343 333 5
343 356 2
343 365 4
343 367 4
343 378 3
343 381 4
343 382 3
343 387 4
343 402 3
343 403 4
343 405 5
343 416 3
343 433 4
343 443 3
343 451 3
343 461 2
343 464 4
343 471 4
343 473 4
343 476 4
343 479 3
343 481 3
343 485 4
343 498 3
343 508 3
343 518 2
343 534 4
343 550 3
343 559 4
343 566 3
343 568 4
343 582 2
343 588 4
343 620 2
343 639 3
343 651 3
343 655 4
343 660 3
343 676 4
343 696 3
343 702 4
343 708 4
343 709 4
343 715 3
343 716 3
343 722 2
343 724 1
343 732 4
343 736 3
343 737 3
343 738 2
343 739 4
343 742 4
343 744 4
343 747 2
343 748 5
343 772 3
343 781 3
343 845 4
343 846 3
343 866 4
343 879 4
343 886 1
343 903 4
343 919 4
343 949 3
343 955 1
343 956 5
343 972 4
343 988 5
344 2 2
344 3 3
344 4 3
344 7 4
344 11 3
344 12 3
344 17 3
344 22 3
344 29 3
344 31 2
344 33 2
344 38 3
344 50 4
344 53 2
344 54 3
344 55 3
344 56 4
344 62 3
344 64 3
344 67 3
344 72 2
344 76 3
344 83 2
344 89 4
344 91 3
344 92 2
344 94 2
344 97 3
344 98 4
344 100 3
344 110 2
344 117 4
344 120 3
344 121 4
344 127 3
344 132 3
344 133 3
344 134 3
344 141 1
344 143 3
344 144 3
344 147 2
344 153 3
344 157 1
344 158 2
344 161 3
344 167 3
344 168 3
344 172 3
344 173 3
344 174 3
344 176 3
344 180 3
344 181 4
344 183 3
344 184 2
344 186 3
344 187 2
344 188 3
344 203 3
344 204 3
344 210 3
344 211 3
344 213 3
344 215 3
344 216 3
344 218 3
344 219 3
344 232 3
344 234 3
344 240 3
344 245 4
344 250 3
344 259 4
344 265 3
344 273 3
344 276 4
344 288 4
344 291 2
344 293 1
344 294 4
344 300 4
344 302 4
344 318 3
344 322 3
344 325 3
344 333 4
344 358 4
344 366 1
344 369 4
344 375 1
344 385 3
344 391 3
344 392 2
344 394 3
344 403 3
344 405 4
344 415 3
344 431 3
344 455 4
344 470 2
344 496 3
344 518 1
344 520 3
344 541 3
344 546 4
344 549 2
344 550 2
344 561 2
344 569 3
344 572 2
344 576 2
344 578 2
344 582 2
344 597 3
344 616 1
344 636 2
344 642 2
344 657 2
344 669 5
344 673 2
344 684 2
344 685 2
344 708 2
344 712 2
344 727 3
344 732 3
344 739 3
344 742 3
344 743 3
344 746 1
344 748 4
344 780 3
344 785 1
344 802 2
344 809 2
344 831 3
344 842 3
344 879 2
344 944 3
344 959 3
344 967 3
344 977 3
345 1 5
345 7 5
345 12 4
345 15 4
345 17 4
345 22 4
345 24 4
345 25 5
345 28 4
345 31 3
345 50 5
345 55 4
345 56 5
345 65 3
345 68 4
345 69 4
345 70 4
345 73 3
345 76 1
345 79 4
345 82 4
345 85 2
345 87 3
345 91 4
345 96 4
345 97 4
345 98 5
345 99 4
345 117 5
345 118 5
345 125 4
345 127 4
345 137 3
345 151 5
345 156 3
345 157 2
345 158 3
345 159 3
345 163 3
345 164 3
345 168 4
345 172 4
345 173 4
345 174 4
345 176 5
345 177 3
345 181 5
345 182 4
345 183 4
345 187 3
345 188 4
345 192 2
345 195 4
345 200 4
345 202 5
345 203 4
345 204 4
345 208 3
345 215 4
345 216 4
345 222 5
345 223 2
345 226 4
345 227 4
345 230 4
345 233 3
345 235 5
345 239 2
345 240 4
345 241 4
345 245 5
345 252 4
345 258 5
345 268 5
345 271 4
345 276 4
345 280 3
345 286 5
345 290 4
345 291 3
345 293 2
345 294 5
345 298 3
345 300 5
345 317 2
345 318 4
345 323 5
345 324 3
345 328 4
345 333 5
345 356 3
345 369 4
345 371 3
345 385 4
345 386 3
345 392 3
345 403 4
345 404 3
345 405 5
345 410 4
345 416 2
345 423 4
345 432 4
345 460 4
345 462 4
345 465 3
345 468 1
345 470 3
345 471 4
345 472 5
345 475 3
345 501 4
345 508 4
345 544 4
345 550 3
345 568 4
345 588 4
345 595 4
345 597 4
345 609 3
345 655 4
345 660 4
345 685 3
345 686 2
345 689 3
345 692 4
345 699 3
345 721 4
345 735 3
345 742 4
345 763 4
345 806 2
345 819 3
345 820 5
345 827 4
345 829 5
345 831 4
345 841 4
345 871 5
345 879 3
345 928 3
345 930 4
345 943 2
345 959 4
345 977 4
345 982 4
346 7 5
346 25 5
346 107 1
346 118 5
346 121 5
346 123 4
346 126 3
346 147 4
346 225 4
346 240 3
346 243 5
346 245 4
346 276 4
346 288 5
346 291 3
346 294 5
346 368 4
346 370 4
346 405 5
346 406 4
346 411 4
346 412 4
346 472 4
346 473 4
346 477 3
346 546 5
346 628 3
346 756 4
346 819 2
346 831 4
346 834 4
346 924 2
346 926 4
346 934 3
346 974 3
346 975 2
346 988 4
347 9 3
347 15 3
347 20 1
347 100 2
347 118 3
347 125 2
347 237 3
347 276 3
347 411 3
347 412 2
347 455 2
347 458 2
347 471 2
347 475 2
347 544 2
347 596 2
347 847 2
348 23 2
348 50 4
348 89 4
348 132 3
348 133 3
348 136 1
348 168 3
348 172 3
348 173 3
348 174 4
348 179 3
348 183 3
348 193 3
348 204 4
348 210 4
348 211 3
348 214 2
348 228 3
348 271 3
348 324 2
348 435 3
348 479 2
348 480 2
348 483 3
348 489 3
348 515 2
348 530 1
348 589 1
348 604 3
348 616 1
348 654 2
348 657 2
349 286 5
349 288 5
349 289 4
349 292 3
349 301 4
349 310 3
349 311 2
349 312 3
349 313 5
349 323 5
349 326 4
349 332 4
349 340 4
349 341 4
349 343 3
349 359 4
349 538 2
349 748 5
349 751 3
349 754 1
349 873 5
349 879 4
349 880 3
349 984 3
349 989 1
349 990 1
350 4 3
350 7 4
350 39 2
350 79 3
350 89 4
350 92 2
350 96 3
350 100 4
350 129 2
350 144 3
350 156 2
350 173 3
350 176 4
350 181 4
350 182 3
350 183 3
350 194 3
350 195 3
350 216 3
350 228 3
350 234 3
350 273 3
350 302 4
350 385 3
350 568 3
350 653 3
350 692 3
350 746 3
351 272 3
351 300 4
351 301 3
351 327 3
351 328 3
351 331 2
351 332 3
351 340 3
351 343 2
351 346 2
351 358 3
351 750 2
351 905 2
352 7 5
352 9 4
352 19 2
352 25 5
352 32 3
352 42 4
352 47 4
352 50 5
352 52 2
352 57 1
352 58 4
352 59 2
352 60 2
352 61 3
352 66 4
352 70 4
352 79 5
352 83 3
352 86 3
352 87 3
352 88 3
352 93 4
352 98 5
352 109 4
352 116 3
352 124 4
352 131 3
352 133 3
352 134 3
352 135 4
352 136 3
352 137 3
352 143 4
352 149 1
352 151 5
352 152 3
352 153 4
352 154 4
352 155 4
352 162 2
352 166 2
352 168 4
352 171 2
352 174 5
352 175 5
352 180 4
352 186 4
352 189 3
352 190 3
352 191 5
352 193 4
352 197 4
352 199 4
352 202 5
352 208 4
352 209 4
352 211 4
352 213 4
352 216 4
352 238 4
352 241 4
352 242 3
352 246 3
352 248 4
352 251 1
352 255 4
352 257 4
352 258 5
352 268 4
352 269 4
352 270 4
352 272 4
352 275 4
352 276 4
352 281 4
352 285 3
352 287 3
352 297 2
352 303 4
352 305 3
352 306 3
352 308 3
352 311 2
352 313 4
352 318 4
352 321 4
352 344 5
352 381 2
352 382 4
352 387 3
352 414 2
352 419 4
352 421 2
352 423 4
352 428 2
352 429 2
352 435 4
352 462 3
352 463 2
352 464 4
352 473 4
352 478 2
352 479 3
352 480 3
352 483 4
352 485 3
352 487 2
352 489 1
352 494 2
352 496 4
352 497 2
352 498 3
352 507 3
352 508 4
352 509 2
352 511 3
352 513 3
352 515 3
352 516 2
352 518 3
352 520 3
352 528 2
352 529 3
352 531 4
352 533 4
352 582 3
352 584 2
352 602 2
352 603 3
352 604 2
352 605 2
352 606 2
352 607 1
352 629 3
352 631 3
352 638 1
352 650 2
352 651 3
352 652 2
352 657 3
352 659 3
352 660 3
352 661 2
352 692 4
352 694 1
352 699 3
352 702 3
352 705 2
352 707 3
352 709 2
352 716 3
352 732 4
352 733 4
352 735 4
352 736 3
352 737 4
352 740 4
352 753 4
352 792 3
352 811 4
352 847 1
352 855 2
352 863 1
352 865 4
352 882 4
352 889 2
352 900 2
352 904 2
352 929 4
352 953 4
352 955 1
352 956 2
352 958 4
352 962 5
353 260 4
353 264 5
353 271 5
353 306 2
353 307 4
353 328 5
353 358 4
353 681 4
353 882 3
354 300 4
354 307 3
354 312 2
354 316 1
354 326 3
354 331 3
354 689 2
354 748 4
354 937 3
355 1 4
355 7 5
355 10 3
355 24 4
355 105 4
355 111 4
355 118 5
355 123 4
355 125 4
355 126 3
355 150 3
355 151 5
355 220 3
355 222 5
355 235 4
355 237 4
355 245 5
355 270 3
355 273 4
355 274 4
355 275 4
355 280 2
355 284 4
355 287 3
355 291 3
355 304 3
355 322 4
355 334 5
355 405 5
355 407 3
355 455 4
355 456 4
355 471 4
355 472 4
355 473 4
355 476 4
355 546 5
355 595 3
355 597 4
355 685 3
355 687 4
355 713 2
355 742 4
355 760 4
355 819 2
355 820 4
355 831 4
355 833 2
355 866 3
355 932 3
355 984 4
356 8 3
356 132 3
356 179 3
356 213 2
356 324 2
356 357 3
356 382 3
356 469 1
356 482 2
356 511 2
356 529 2
356 558 2
356 582 3
356 584 1
356 639 2
356 643 3
356 855 1
356 896 1
356 918 3
357 1 4
357 7 4
357 118 3
357 181 4
357 250 3
357 268 3
357 286 4
357 295 1
357 298 3
357 313 3
357 405 4
357 408 1
357 455 3
357 472 3
357 748 4
358 1 5
358 10 3
358 13 4
358 14 3
358 23 3
358 25 5
358 28 4
358 45 3
358 50 5
358 56 5
358 64 4
358 79 4
358 116 3
358 134 3
358 157 3
358 165 1
358 166 2
358 170 2
358 172 4
358 174 4
358 181 5
358 187 3
358 191 4
358 194 4
358 195 4
358 197 4
358 199 3
358 205 3
358 207 4
358 210 4
358 222 5
358 237 5
358 238 4
358 242 3
358 248 4
358 251 1
358 269 4
358 271 4
358 275 4
358 284 4
358 286 5
358 297 2
358 302 4
358 303 4
358 304 4
358 306 3
358 308 4
358 309 4
358 321 5
358 326 4
358 328 4
358 334 3
358 357 4
358 405 5
358 423 4
358 479 3
358 515 3
358 521 3
358 523 3
358 588 4
358 654 3
358 661 2
358 663 3
358 735 4
358 744 2
358 845 4
358 933 3
358 936 4
358 963 4
359 12 3
359 14 3
359 23 2
359 26 2
359 53 2
359 55 3
359 56 5
359 59 3
359 60 3
359 66 3
359 79 4
359 83 3
359 86 2
359 88 2
359 90 2
359 97 3
359 98 4
359 100 3
359 111 3
359 129 2
359 148 4
359 150 2
359 156 3
359 166 3
359 168 3
359 170 1
359 173 4
359 176 3
359 178 2
359 179 2
359 183 4
359 185 3
359 186 3
359 190 2
359 197 3
359 203 3
359 204 4
359 207 3
359 212 2
359 216 3
359 218 3
359 222 4
359 228 3
359 234 4
359 237 4
359 238 3
359 258 5
359 269 4
359 273 2
359 274 4
359 275 3
359 276 4
359 286 5
359 340 4
359 387 1
359 421 2
359 430 1
359 435 3
359 451 2
359 466 3
359 475 2
359 498 1
359 502 2
359 504 3
359 513 1
359 514 3
359 517 2
359 524 1
359 525 3
359 531 2
359 611 3
359 639 3
359 654 2
359 657 2
359 659 1
359 673 1
359 684 3
359 694 3
359 705 3
359 709 2
359 737 3
359 739 3
359 742 4
359 762 3
359 770 1
359 781 2
359 794 3
359 813 2
359 934 2
359 949 2
360 245 4
360 258 4
360 288 4
360 294 5
360 300 4
360 302 4
360 312 3
360 328 3
360 350 2
361 1 4
361 2 2
361 4 3
361 5 2
361 7 5
361 9 3
361 11 3
361 22 3
361 29 3
361 32 2
361 37 2
361 38 3
361 44 1
361 47 3
361 50 5
361 55 3
361 56 4
361 58 3
361 62 3
361 65 2
361 66 3
361 67 2
361 68 3
361 70 4
361 71 3
361 72 2
361 73 2
361 77 2
361 79 4
361 81 2
361 82 4
361 87 2
361 88 2
361 89 4
361 90 3
361 91 3
361 93 2
361 95 3
361 96 3
361 97 3
361 98 4
361 101 3
361 102 2
361 114 3
361 117 4
361 120 3
361 121 5
361 128 1
361 134 2
361 137 2
361 144 3
361 145 4
361 151 4
361 152 2
361 154 2
361 155 3
361 156 2
361 159 2
361 161 4
361 163 2
361 164 1
361 169 1
361 171 1
361 172 4
361 173 4
361 174 4
361 179 3
361 182 2
361 183 3
361 184 3
361 186 3
361 187 2
361 188 3
361 189 1
361 193 2
361 195 4
361 196 3
361 200 3
361 201 3
361 204 4
361 206 1
361 208 2
361 210 4
361 212 3
361 215 3
361 216 4
361 217 3
361 218 2
361 222 4
361 226 3
361 227 3
361 228 4
361 229 3
361 231 3
361 234 3
361 235 4
361 237 4
361 248 3
361 250 3
361 258 5
361 264 3
361 265 3
361 270 2
361 271 4
361 282 3
361 283 3
361 284 3
361 288 4
361 290 3
361 293 1
361 298 2
361 307 2
361 315 2
361 316 1
361 317 2
361 322 3
361 325 2
361 328 3
361 333 4
361 336 3
361 346 2
361 347 3
361 350 1
361 351 3
361 366 1
361 370 3
361 380 2
361 387 3
361 391 2
361 393 3
361 402 2
361 403 3
361 405 5
361 408 3
361 417 2
361 423 3
361 426 3
361 428 1
361 429 1
361 431 3
361 433 3
361 443 2
361 444 3
361 448 1
361 449 2
361 451 2
361 461 1
361 469 3
361 472 4
361 473 3
361 474 2
361 505 2
361 506 1
361 511 2
361 523 2
361 531 2
361 537 3
361 546 5
361 550 2
361 552 3
361 554 3
361 555 3
361 559 2
361 561 2
361 566 2
361 568 3
361 569 2
361 571 3
361 572 1
361 575 2
361 578 1
361 588 3
361 590 3
361 591 2
361 597 3
361 603 2
361 616 1
361 625 2
361 631 2
361 640 2
361 650 1
361 651 2
361 653 3
361 658 1
361 660 3
361 665 2
361 673 1
361 675 3
361 678 4
361 679 2
361 682 2
361 685 3
361 691 3
361 698 3
361 699 2
361 707 1
361 709 2
361 710 2
361 719 1
361 735 2
361 741 1
361 742 4
361 746 1
361 747 1
361 752 1
361 760 2
361 761 3
361 767 2
361 774 3
361 778 3
361 792 2
361 802 1
361 805 3
361 809 1
361 816 3
361 825 1
361 831 3
361 854 3
361 859 3
361 895 2
361 906 3
361 933 4
361 940 3
361 946 1
361 959 3
361 979 1
362 288 4
362 289 3
362 319 3
362 321 3
362 875 2
362 988 4
363 1 4
363 7 4
363 13 4
363 25 4
363 109 3
363 124 3
363 125 3
363 137 2
363 150 2
363 151 4
363 222 4
363 258 4
363 268 3
363 271 3
363 272 3
363 275 3
363 277 2
363 285 2
363 287 1
363 288 4
363 294 4
363 301 3
363 309 2
363 315 2
363 316 3
363 321 3
363 326 2
363 352 3
363 473 3
363 476 3
363 591 2
363 742 3
363 813 2
363 846 1
363 894 4
363 908 3
363 948 3
363 995 3
364 98 5
364 164 3
364 184 3
364 201 3
364 217 4
364 218 4
364 219 3
364 234 4
364 413 4
364 445 1
364 448 3
364 559 4
364 561 3
364 672 3
364 853 1
364 854 5
364 860 4
365 5 1
365 17 2
365 50 4
365 53 2
365 56 4
365 98 4
365 145 3
365 176 4
365 179 2
365 183 3
365 184 2
365 200 3
365 201 2
365 218 3
365 234 3
365 246 2
365 250 2
365 258 4
365 288 4
365 302 3
365 324 3
365 326 2
365 333 3
365 379 1
365 406 2
365 413 3
365 436 1
365 441 1
365 443 2
365 448 2
365 452 2
365 559 2
365 567 5
365 637 3
365 665 2
365 670 3
365 672 2
365 760 2
365 769 2
365 800 1
365 919 2
366 11 3
366 17 3
366 56 4
366 89 3
366 98 4
366 100 4
366 127 3
366 181 4
366 184 2
366 201 2
366 217 2
366 218 3
366 234 3
366 313 4
366 320 5
366 379 2
366 396 2
366 561 2
366 567 4
366 569 2
366 637 1
366 670 1
366 672 2
366 774 3
367 50 5
367 166 1
367 172 4
367 179 4
367 181 5
367 243 4
367 346 4
367 358 4
367 890 4
367 988 4
368 12 2
368 22 3
368 31 3
368 42 3
368 50 5
368 56 4
368 98 4
368 114 3
368 116 2
368 134 2
368 135 3
368 136 2
368 153 3
368 172 3
368 174 4
368 175 4
368 176 3
368 181 4
368 183 3
368 193 2
368 195 4
368 209 3
368 210 4
368 222 4
368 257 4
368 265 3
368 269 3
368 285 2
368 294 5
368 321 3
368 323 5
368 423 3
368 425 2
368 433 4
368 443 3
368 480 2
368 484 1
368 493 3
368 494 1
368 497 3
368 511 2
368 514 3
368 525 3
368 603 3
368 604 1
368 607 3
368 608 3
368 613 3
368 657 2
368 659 2
368 661 1
368 705 2
368 856 3
368 923 3
369 1 5
369 22 3
369 24 4
369 50 5
369 55 4
369 64 4
369 69 4
369 77 5
369 97 4
369 98 5
369 117 5
369 174 4
369 175 4
369 177 4
369 179 3
369 180 4
369 181 5
369 183 4
369 194 4
369 197 4
369 210 4
369 237 5
369 265 4
369 393 4
369 431 3
369 435 4
369 443 4
369 449 3
369 452 4
369 523 4
369 627 3
369 655 4
369 746 2
370 5 3
370 12 4
370 23 3
370 44 2
370 56 5
370 77 4
370 79 5
370 98 5
370 100 5
370 129 2
370 148 4
370 159 3
370 176 4
370 185 4
370 200 4
370 201 3
370 218 4
370 219 3
370 262 3
370 288 5
370 299 4
370 322 4
370 325 3
370 327 4
370 332 4
370 436 3
370 441 3
370 443 3
370 446 4
370 447 3
370 547 4
370 561 4
370 574 2
370 595 3
370 628 3
370 637 3
370 649 4
370 672 4
370 674 3
370 678 5
370 874 2
370 875 3
371 2 3
371 4 4
371 12 4
371 15 5
371 20 3
371 22 4
371 24 4
371 25 5
371 28 4
371 31 3
371 48 3
371 50 5
371 58 4
371 64 4
371 66 4
371 68 4
371 70 5
371 80 3
371 81 3
371 82 4
371 83 3
371 89 5
371 90 4
371 94 4
371 95 4
371 96 4
371 97 4
371 99 3
371 100 5
371 102 3
371 105 4
371 110 3
371 114 1
371 117 5
371 127 4
371 132 4
371 136 3
371 139 2
371 142 2
371 143 4
371 144 4
371 150 3
371 151 5
371 154 4
371 155 3
371 156 4
371 161 5
371 162 3
371 163 3
371 165 2
371 166 2
371 172 4
371 173 4
371 175 4
371 177 4
371 179 4
371 180 4
371 181 5
371 184 2
371 186 4
371 189 2
371 191 5
371 194 4
371 195 5
371 196 4
371 197 4
371 202 4
371 206 2
371 208 3
371 209 4
371 210 4
371 211 4
371 213 4
371 214 3
371 215 4
371 217 4
371 225 4
371 226 4
371 228 4
371 230 4
371 232 3
371 239 3
371 241 4
371 259 5
371 265 4
371 269 4
371 275 4
371 278 3
371 281 4
371 286 5
371 290 4
371 318 4
371 357 4
371 366 2
371 378 2
371 382 4
371 386 3
371 389 1
371 390 4
371 392 3
371 393 4
371 399 2
371 401 4
371 402 4
371 403 4
371 404 2
371 409 3
371 414 2
371 417 3
371 418 3
371 420 2
371 421 2
371 423 4
371 427 4
371 431 4
371 433 4
371 435 4
371 451 4
371 472 4
371 474 3
371 480 4
371 485 4
371 487 2
371 488 3
371 494 2
371 497 2
371 499 2
371 506 3
371 510 3
371 514 4
371 520 2
371 527 3
371 550 4
371 553 4
371 559 4
371 566 3
371 568 4
371 571 4
371 577 2
371 588 3
371 598 4
371 603 3
371 625 3
371 627 2
371 645 2
371 648 4
371 649 1
371 651 3
371 655 4
371 658 2
371 660 4
371 679 3
371 694 1
371 699 3
371 704 3
371 705 2
371 707 3
371 709 2
371 715 3
371 724 1
371 727 2
371 729 3
371 732 4
371 746 2
371 747 3
371 748 5
371 756 4
371 778 2
371 828 4
371 842 2
371 843 4
371 849 4
371 941 3
371 946 2
371 949 3
372 1 2
372 5 2
372 7 3
372 9 3
372 11 2
372 12 1
372 15 3
372 17 2
372 23 1
372 24 2
372 28 2
372 29 2
372 39 2
372 48 2
372 50 3
372 56 3
372 64 2
372 66 3
372 68 2
372 69 3
372 70 2
372 71 2
372 77 2
372 87 1
372 89 3
372 95 2
372 97 2
372 98 3
372 100 2
372 106 1
372 111 2
372 116 2
372 118 3
372 120 4
372 121 3
372 122 2
372 123 2
372 125 2
372 126 2
372 127 2
372 129 2
372 135 2
372 143 2
372 144 2
372 147 2
372 148 3
372 150 1
372 151 3
372 156 2
372 159 2
372 161 2
372 162 2
372 168 2
372 173 3
372 174 3
372 176 2
372 182 2
372 183 2
372 185 2
372 186 1
372 192 1
372 195 3
372 197 2
372 200 3
372 202 2
372 204 3
372 210 3
372 216 2
372 218 2
372 222 3
372 223 2
372 225 3
372 226 2
372 228 2
372 229 2
372 230 2
372 231 3
372 233 1
372 234 3
372 235 3
372 237 3
372 240 2
372 247 3
372 248 2
372 252 3
372 254 3
372 257 3
372 265 2
372 279 2
372 280 2
372 282 3
372 284 2
372 289 2
372 291 2
372 292 2
372 310 1
372 318 2
372 322 2
372 323 3
372 356 2
372 363 2
372 369 3
372 385 2
372 403 1
372 405 3
372 412 2
372 423 2
372 424 3
372 427 1
372 449 1
372 450 2
372 454 4
372 458 3
372 463 2
372 465 1
372 466 2
372 467 2
372 468 2
372 475 2
372 476 3
372 483 2
372 521 1
372 527 1
372 540 1
372 544 2
372 550 1
372 552 2
372 554 2
372 558 4
372 566 2
372 568 2
372 572 2
372 576 2
372 581 2
372 591 1
372 619 1
372 620 2
372 628 1
372 637 2
372 642 2
372 651 1
372 665 2
372 685 2
372 692 2
372 717 1
372 735 3
372 741 2
372 742 2
372 743 1
372 756 3
372 761 2
372 762 1
372 770 2
372 789 2
372 815 1
372 819 3
372 820 2
372 824 1
372 844 4
372 845 2
372 846 3
372 872 1
372 880 2
372 924 2
372 928 2
372 930 2
372 931 3
372 932 2
372 934 1
372 952 2
372 963 2
372 974 1
372 975 2
372 977 2
372 978 3
372 979 2
372 983 2
372 986 1
373 5 3
373 44 2
373 176 3
373 233 2
373 288 4
373 302 4
373 356 2
373 443 2
373 573 2
373 583 1
373 603 3
373 761 3
373 773 5
373 939 1
374 11 3
374 98 4
374 154 3
374 181 4
374 197 3
374 198 2
374 223 1
374 269 3
374 274 3
374 275 3
374 288 4
374 301 3
374 328 4
374 427 2
374 603 2
374 663 2
374 707 2
375 56 5
375 98 5
375 154 3
375 164 2
375 168 4
375 173 5
375 219 3
375 234 4
375 268 4
375 272 4
375 313 5
375 316 1
375 323 5
375 338 3
375 354 4
375 358 4
375 443 3
375 682 3
375 748 5
376 1 4
376 2 3
376 4 3
376 5 3
376 7 5
376 8 3
376 9 4
376 10 2
376 11 3
376 12 3
376 13 4
376 14 3
376 15 4
376 21 3
376 22 3
376 28 3
376 29 3
376 31 3
376 40 4
376 42 3
376 43 1
376 48 2
376 49 3
376 50 5
376 52 2
376 54 3
376 58 3
376 59 1
376 62 3
376 63 3
376 65 2
376 66 3
376 68 3
376 70 4
376 73 2
376 77 3
376 79 4
376 86 3
376 87 2
376 88 3
376 89 4
376 91 3
376 94 3
376 95 3
376 99 3
376 100 4
376 106 3
376 110 4
376 111 4
376 117 4
376 121 4
376 123 4
376 125 3
376 126 4
376 132 3
376 135 3
376 141 1
376 143 3
376 144 3
376 148 4
376 151 4
376 153 3
376 155 4
376 157 2
376 159 2
376 161 4
376 162 1
376 167 2
376 172 3
376 173 4
376 174 4
376 175 3
376 176 4
376 179 3
376 180 2
376 181 4
376 182 3
376 186 3
376 191 4
376 194 3
376 195 4
376 196 3
376 197 3
376 200 3
376 202 3
376 207 3
376 210 4
376 213 3
376 215 3
376 217 3
376 218 3
376 222 4
376 223 1
376 226 3
376 227 3
376 230 3
376 231 4
376 233 3
376 234 3
376 235 3
376 237 4
376 239 2
376 241 3
376 245 4
376 248 3
376 252 3
376 254 4
376 255 4
376 257 4
376 258 4
376 269 4
376 272 3
376 273 3
376 274 4
376 275 3
376 276 4
376 277 2
376 280 1
376 281 3
376 282 4
376 283 2
376 284 3
376 285 2
376 286 5
376 288 4
376 289 4
376 294 5
376 295 3
376 298 3
376 300 4
376 301 3
376 302 4
376 317 1
376 318 3
376 319 2
376 321 3
376 326 3
376 328 4
376 356 2
376 365 2
376 380 1
376 381 2
376 382 3
376 385 3
376 386 2
376 387 3
376 392 2
376 393 3
376 396 2
376 401 3
376 403 3
376 404 1
376 405 5
376 409 3
376 410 3
376 411 3
376 417 3
376 418 2
376 419 3
376 420 1
376 423 3
376 432 2
376 433 3
376 435 3
376 447 2
376 449 2
376 451 2
376 458 2
376 465 1
376 468 3
376 469 3
376 471 3
376 476 4
376 479 3
376 482 2
376 485 2
376 496 3
376 500 3
376 501 3
376 508 3
376 509 1
376 517 1
376 527 3
376 528 2
376 542 2
376 546 4
376 549 2
376 554 3
376 559 3
376 566 3
376 568 3
376 572 2
376 575 2
376 576 2
376 582 2
376 591 3
376 596 3
376 597 4
376 606 2
376 619 1
376 620 3
376 623 1
376 629 2
376 631 2
376 632 2
376 635 3
376 636 2
376 651 2
376 655 3
376 663 1
376 665 3
376 674 2
376 684 3
376 686 3
376 692 3
376 693 1
376 694 3
376 696 1
376 699 1
376 702 3
376 703 2
376 707 1
376 708 2
376 709 2
376 715 3
376 716 2
376 720 3
376 722 2
376 723 2
376 724 3
376 729 2
376 731 2
376 732 3
376 734 2
376 739 3
376 742 4
376 747 1
376 755 2
376 756 3
376 762 2
376 768 2
376 775 3
376 778 1
376 780 4
376 787 3
376 792 1
376 793 3
376 796 2
376 806 1
376 807 4
376 845 3
376 866 4
376 875 2
376 896 3
376 918 3
376 921 1
376 924 4
376 926 3
376 928 3
376 930 3
376 939 1
376 942 3
376 951 2
376 959 3
376 961 3
376 969 1
376 972 3
376 977 3
376 979 3
377 4 4
377 8 3
377 9 4
377 23 3
377 50 5
377 52 2
377 54 4
377 56 5
377 62 4
377 63 3
377 64 4
377 69 4
377 79 4
377 82 4
377 83 4
377 88 4
377 89 5
377 90 3
377 93 4
377 96 4
377 98 5
377 100 5
377 116 3
377 124 4
377 127 5
377 131 3
377 133 4
377 135 4
377 137 3
377 141 2
377 152 3
377 153 4
377 157 2
377 158 3
377 161 4
377 163 3
377 168 4
377 172 4
377 173 4
377 174 5
377 176 4
377 177 4
377 178 3
377 179 4
377 183 4
377 186 4
377 187 3
377 188 4
377 191 5
377 192 3
377 193 4
377 194 4
377 195 5
377 196 4
377 199 3
377 200 4
377 202 4
377 203 4
377 204 4
377 205 4
377 208 3
377 210 4
377 211 4
377 216 4
377 219 4
377 227 4
377 230 4
377 233 3
377 238 4
377 239 2
377 251 1
377 257 4
377 270 3
377 284 4
377 285 3
377 294 5
377 300 5
377 306 3
377 310 4
377 331 5
377 339 4
377 357 4
377 372 3
377 381 3
377 383 5
377 385 4
377 391 3
377 393 4
377 395 3
377 398 3
377 402 4
377 405 5
377 414 3
377 417 4
377 419 4
377 427 3
377 428 2
377 434 2
377 436 2
377 443 4
377 447 3
377 448 3
377 451 4
377 452 3
377 461 2
377 480 4
377 502 2
377 511 3
377 514 4
377 516 2
377 517 3
377 520 2
377 522 1
377 523 3
377 527 4
377 528 2
377 529 2
377 530 2
377 554 3
377 559 4
377 563 4
377 566 4
377 568 4
377 575 3
377 576 4
377 603 3
377 616 2
377 622 2
377 631 3
377 636 3
377 637 3
377 644 2
377 649 1
377 651 3
377 654 3
377 655 4
377 659 3
377 674 3
377 684 3
377 686 1
377 701 4
377 704 3
377 705 2
377 710 2
377 712 2
377 729 3
377 732 4
377 735 3
377 746 2
377 842 4
377 855 2
378 1 4
378 9 3
378 12 3
378 22 3
378 28 3
378 31 2
378 38 3
378 58 3
378 59 3
378 60 1
378 61 2
378 62 3
378 69 3
378 71 3
378 81 1
378 95 3
378 98 4
378 100 4
378 109 3
378 114 3
378 118 4
378 121 4
378 132 3
378 134 3
378 135 3
378 139 1
378 152 2
378 154 2
378 161 4
378 163 2
378 168 3
378 170 1
378 172 3
378 176 3
378 177 2
378 181 4
378 182 3
378 183 3
378 185 3
378 186 3
378 190 2
378 194 3
378 197 3
378 204 4
378 208 2
378 213 3
378 215 3
378 217 2
378 222 4
378 228 3
378 229 3
378 238 3
378 241 3
378 258 4
378 265 3
378 270 2
378 286 4
378 300 4
378 313 4
378 315 2
378 340 3
378 356 2
378 357 3
378 382 3
378 414 2
378 416 1
378 419 3
378 423 3
378 425 2
378 427 2
378 428 1
378 433 3
378 435 3
378 443 2
378 449 2
378 462 3
378 463 1
378 465 2
378 474 2
378 479 2
378 483 3
378 496 3
378 502 3
378 506 1
378 512 3
378 515 2
378 518 1
378 521 2
378 527 3
378 530 1
378 554 2
378 561 2
378 566 3
378 573 1
378 587 3
378 614 3
378 630 3
378 631 2
378 651 2
378 654 2
378 663 2
378 664 1
378 665 2
378 670 3
378 684 3
378 699 2
378 708 2
378 709 2
378 712 2
378 729 2
378 732 3
378 736 2
378 744 2
378 750 2
378 751 2
378 753 3
378 770 1
378 856 3
378 923 1
378 956 2
378 959 3
379 1 4
379 13 4
379 14 3
379 15 4
379 16 3
379 20 2
379 30 3
379 49 2
379 50 4
379 59 1
379 77 3
379 83 2
379 89 4
379 94 3
379 97 3
379 99 2
379 100 4
379 102 2
379 129 2
379 132 3
379 133 3
379 134 2
379 135 3
379 139 2
379 150 2
379 151 4
379 175 3
379 178 2
379 191 4
379 212 3
379 214 2
379 216 4
379 217 3
379 228 3
379 259 4
379 276 4
379 281 3
379 283 2
379 294 4
379 303 4
379 304 3
379 318 3
379 344 2
379 378 2
379 403 3
379 418 2
379 432 3
379 443 3
379 462 3
379 473 3
379 479 2
379 485 2
379 487 1
379 493 3
379 495 2
379 498 2
379 501 3
379 509 2
379 512 1
379 514 3
379 526 2
379 529 2
379 566 2
379 582 2
379 607 3
379 631 2
379 634 3
379 640 2
379 647 1
379 652 2
379 656 1
379 657 2
379 660 3
379 673 1
379 682 3
379 693 1
379 694 1
379 705 1
379 724 1
379 742 4
379 771 2
379 778 2
379 847 3
379 887 1
379 898 4
379 914 3
379 934 3
379 995 1
380 7 4
380 9 3
380 25 4
380 56 4
380 100 4
380 122 4
380 127 3
380 134 2
380 135 3
380 137 2
380 171 1
380 180 3
380 183 3
380 197 3
380 258 4
380 276 3
380 290 3
380 332 3
380 334 5
380 357 3
380 474 3
380 475 3
380 482 1
380 504 2
380 507 2
380 511 2
380 546 4
380 717 2
381 9 5
381 14 3
381 19 2
381 58 3
381 81 3
381 86 4
381 89 5
381 100 5
381 132 4
381 134 3
381 137 3
381 182 4
381 193 4
381 197 4
381 203 4
381 205 3
381 223 2
381 237 5
381 238 4
381 268 5
381 272 4
381 285 3
381 302 5
381 313 5
381 315 1
381 319 4
381 357 4
381 425 3
381 427 4
381 435 4
381 464 4
381 474 3
381 475 4
381 478 2
381 479 3
381 480 3
381 483 4
381 484 2
381 504 3
381 505 2
381 513 3
381 639 1
381 641 4
381 654 3
381 657 3
381 663 3
382 289 4
382 302 4
382 313 5
382 316 2
382 327 4
382 329 1
382 333 4
382 343 3
382 748 5
383 4 3
383 8 2
383 12 2
383 18 2
383 24 2
383 29 2
383 32 2
383 37 3
383 46 2
383 47 2
383 48 2
383 50 4
383 53 2
383 56 3
383 58 2
383 59 2
383 61 2
383 79 3
383 81 1
383 82 2
383 87 1
383 89 3
383 93 1
383 98 2
383 99 2
383 111 3
383 114 2
383 122 2
383 127 2
383 128 2
383 129 1
383 131 2
383 133 2
383 134 1
383 136 2
383 143 2
383 144 2
383 145 3
383 151 4
383 152 1
383 153 2
383 156 1
383 160 1
383 168 3
383 169 2
383 171 2
383 172 2
383 173 3
383 174 2
383 175 2
383 177 1
383 180 2
383 181 2
383 183 2
383 185 2
383 186 2
383 187 1
383 189 2
383 191 3
383 192 2
383 194 2
383 195 2
383 199 1
383 200 1
383 207 2
383 208 2
383 209 2
383 211 2
383 216 2
383 217 1
383 218 2
383 219 1
383 221 2
383 224 2
383 235 2
383 236 2
383 238 2
383 249 2
383 250 2
383 253 2
383 254 1
383 256 2
383 257 3
383 262 2
383 273 2
383 276 2
383 283 1
383 285 1
383 286 4
383 290 3
383 293 1
383 304 2
383 305 1
383 318 2
383 320 2
383 325 2
383 337 2
383 340 3
383 346 1
383 347 2
383 367 2
383 383 2
383 384 1
383 385 3
383 403 2
383 405 4
383 408 2
383 417 2
383 419 2
383 423 2
383 425 2
383 427 2
383 428 2
383 429 1
383 430 2
383 433 2
383 435 2
383 443 2
383 444 1
383 447 2
383 451 2
383 455 2
383 458 1
383 461 2
383 462 2
383 473 2
383 474 2
383 479 2
383 480 2
383 483 2
383 484 2
383 485 1
383 486 1
383 487 1
383 489 2
383 492 2
383 496 2
383 502 2
383 503 2
383 506 2
383 508 2
383 511 2
383 512 1
383 521 2
383 523 1
383 524 2
383 525 2
383 529 2
383 557 2
383 603 1
383 604 2
383 606 2
383 616 2
383 629 1
383 631 2
383 650 2
383 652 2
383 653 2
383 654 1
383 657 1
383 658 1
383 659 1
383 661 2
383 664 2
383 673 2
383 674 2
383 675 2
383 705 1
383 719 2
383 727 1
383 732 2
383 739 3
383 745 2
383 794 2
383 811 2
383 851 2
383 855 2
383 865 2
383 871 2
383 896 1
383 900 2
383 919 2
383 922 2
383 940 2
383 942 2
383 945 2
383 959 2
383 961 2
383 965 2
384 24 3
384 273 3
384 281 3
384 323 4
384 405 3
384 455 3
384 515 2
384 546 4
384 597 3
384 825 2
385 2 3
385 4 2
385 7 5
385 8 3
385 10 1
385 11 3
385 13 4
385 20 3
385 22 3
385 23 2
385 24 2
385 27 2
385 31 3
385 32 1
385 33 1
385 39 3
385 46 3
385 47 3
385 48 3
385 50 5
385 52 1
385 55 2
385 56 5
385 58 3
385 61 2
385 62 3
385 64 3
385 68 4
385 69 4
385 71 4
385 76 1
385 79 4
385 81 2
385 82 3
385 83 2
385 89 4
385 91 4
385 92 2
385 93 2
385 96 2
385 97 3
385 98 4
385 99 2
385 101 2
385 102 3
385 107 3
385 113 3
385 114 3
385 116 1
385 117 4
385 121 5
385 123 3
385 127 3
385 129 3
385 133 2
385 135 3
385 136 1
385 144 3
385 147 4
385 151 4
385 156 2
385 161 4
385 168 3
385 169 1
385 176 3
385 180 2
385 181 4
385 183 3
385 184 3
385 186 3
385 187 2
385 189 1
385 190 2
385 192 1
385 193 2
385 194 3
385 195 3
385 196 4
385 197 3
385 198 2
385 199 3
385 200 3
385 201 3
385 202 3
385 203 4
385 205 2
385 206 1
385 208 2
385 209 3
385 211 3
385 215 3
385 217 3
385 218 2
385 219 4
385 222 4
385 223 1
385 224 3
385 226 3
385 227 2
385 228 3
385 229 3
385 230 3
385 231 4
385 238 3
385 246 2
385 248 3
385 250 3
385 258 5
385 265 3
385 268 2
385 273 3
385 277 3
385 288 4
385 289 3
385 293 3
385 294 5
385 295 3
385 298 2
385 317 1
385 318 3
385 319 3
385 320 5
385 321 3
385 325 4
385 333 4
385 357 3
385 380 2
385 381 1
385 385 3
385 393 3
385 403 3
385 410 3
385 414 1
385 418 2
385 423 3
385 428 1
385 429 1
385 430 1
385 431 3
385 432 2
385 434 1
385 435 3
385 436 4
385 441 5
385 444 3
385 446 3
385 447 2
385 448 3
385 455 2
385 458 2
385 461 1
385 463 1
385 470 3
385 473 3
385 474 3
385 475 1
385 477 3
385 488 2
385 496 3
385 501 3
385 508 2
385 511 2
385 514 3
385 520 1
385 526 2
385 528 1
385 532 3
385 547 5
385 549 2
385 558 2
385 559 4
385 561 3
385 564 5
385 566 3
385 569 3
385 578 3
385 580 3
385 582 2
385 583 1
385 593 3
385 603 3
385 619 3
385 625 3
385 642 2
385 650 2
385 651 2
385 659 1
385 672 5
385 674 3
385 678 4
385 679 2
385 684 3
385 692 4
385 693 3
385 697 1
385 732 3
385 735 3
385 737 1
385 742 4
385 744 2
385 746 2
385 768 1
385 769 2
385 772 5
385 773 5
385 774 3
385 789 3
385 790 2
385 806 3
385 844 5
385 845 4
385 854 4
385 919 1
385 943 3
385 952 3
385 969 1
385 972 1
385 984 3
386 1 5
386 5 2
386 56 5
386 100 5
386 111 5
386 147 4
386 184 3
386 237 5
386 259 5
386 300 5
386 301 4
386 302 4
386 307 4
386 310 4
386 313 4
386 315 3
386 323 5
386 326 3
386 333 4
386 508 4
386 569 4
386 596 4
386 628 3
386 678 5
386 680 3
386 682 3
386 690 3
386 742 4
386 769 4
386 816 4
386 845 4
386 871 5
387 4 3
387 8 3
387 23 2
387 25 4
387 28 3
387 29 3
387 38 3
387 40 2
387 42 3
387 47 3
387 50 5
387 53 3
387 56 4
387 59 1
387 64 3
387 65 2
387 71 3
387 72 2
387 77 3
387 79 4
387 80 4
387 81 2
387 82 4
387 88 3
387 90 2
387 94 3
387 95 3
387 98 4
387 99 2
387 100 3
387 105 2
387 109 3
387 111 4
387 118 4
387 124 3
387 127 3
387 131 2
387 132 3
387 136 1
387 142 1
387 151 4
387 152 2
387 153 3
387 154 3
387 159 1
387 160 2
387 167 1
387 168 3
387 172 3
387 173 4
387 174 4
387 176 3
387 178 2
387 179 3
387 181 4
387 185 3
387 186 3
387 191 4
387 194 3
387 197 3
387 202 3
387 204 4
387 205 2
387 208 2
387 210 4
387 211 3
387 216 4
387 217 3
387 234 3
387 238 3
387 249 2
387 275 3
387 283 2
387 285 2
387 300 4
387 301 3
387 378 1
387 383 4
387 384 4
387 393 3
387 395 1
387 396 3
387 401 3
387 402 3
387 404 2
387 407 4
387 410 3
387 411 4
387 414 1
387 416 1
387 420 1
387 423 3
387 427 3
387 428 2
387 429 1
387 435 3
387 451 3
387 454 3
387 467 3
387 471 3
387 474 2
387 475 2
387 477 3
387 478 1
387 479 2
387 480 3
387 481 1
387 483 3
387 484 1
387 490 3
387 491 1
387 492 1
387 493 3
387 496 3
387 497 1
387 498 3
387 499 3
387 501 3
387 503 3
387 504 3
387 506 2
387 507 2
387 509 2
387 510 2
387 514 3
387 517 3
387 518 1
387 519 1
387 520 1
387 525 3
387 526 2
387 527 3
387 531 2
387 550 2
387 558 5
387 568 3
387 583 1
387 584 2
387 588 3
387 591 2
387 602 1
387 604 1
387 605 1
387 607 1
387 610 1
387 612 1
387 613 3
387 616 1
387 630 2
387 631 2
387 642 2
387 649 3
387 656 3
387 657 2
387 661 1
387 662 1
387 674 2
387 693 1
387 699 2
387 700 2
387 705 2
387 712 2
387 715 2
387 731 1
387 732 3
387 736 1
387 739 3
387 756 3
387 785 2
387 792 1
387 820 3
387 824 2
387 835 3
387 836 3
387 845 3
387 847 3
387 923 1
387 926 3
387 942 3
387 945 3
387 954 3
387 955 3
387 965 3
387 997 3
388 9 4
388 100 5
388 126 3
388 283 3
388 289 5
388 302 4
388 319 4
388 328 5
388 329 3
388 331 4
388 515 3
388 713 2
388 742 4
388 845 4
388 989 4
388 990 4
389 8 3
389 9 4
389 12 4
389 15 5
389 26 2
389 47 4
389 48 3
389 56 5
389 58 4
389 59 2
389 60 2
389 61 2
389 64 4
389 69 4
389 71 4
389 76 1
389 89 4
389 97 4
389 100 5
389 132 4
389 134 3
389 148 4
389 168 4
389 173 4
389 182 4
389 188 3
389 191 4
389 195 4
389 197 4
389 200 4
389 203 3
389 204 4
389 205 3
389 213 3
389 215 4
389 222 5
389 234 4
389 237 5
389 258 5
389 264 4
389 276 4
389 282 4
389 286 5
389 288 5
389 294 5
389 300 4
389 318 4
389 328 5
389 334 3
389 357 4
389 421 2
389 458 4
389 460 4
389 462 4
389 471 4
389 474 4
389 479 3
389 480 3
389 482 2
389 483 4
389 490 1
389 491 1
389 497 2
389 498 3
389 504 3
389 508 4
389 510 4
389 527 4
389 530 3
389 544 3
389 546 5
389 603 3
389 604 2
389 628 4
389 659 3
389 661 2
389 678 4
389 748 5
389 772 1
389 774 3
389 924 1
389 963 4
390 8 3
390 23 2
390 50 4
390 58 3
390 59 1
390 98 4
390 99 4
390 129 1
390 134 3
390 165 3
390 166 3
390 169 1
390 170 1
390 172 3
390 173 3
390 178 2
390 179 3
390 180 3
390 181 4
390 189 1
390 191 4
390 197 3
390 199 3
390 200 3
390 209 3
390 244 3
390 246 2
390 248 3
390 249 2
390 250 3
390 255 5
390 257 4
390 258 4
390 268 2
390 270 3
390 271 3
390 272 3
390 276 4
390 286 5
390 288 4
390 289 3
390 293 3
390 294 5
390 297 3
390 298 2
390 300 4
390 302 4
390 303 3
390 304 4
390 312 1
390 313 4
390 319 3
390 323 5
390 324 3
390 325 3
390 333 4
390 344 3
390 345 3
390 463 1
390 482 2
390 488 2
390 491 3
390 492 3
390 493 3
390 511 3
390 515 2
390 534 3
390 538 3
390 615 3
390 632 1
390 650 3
390 663 1
390 705 1
390 813 2
390 847 3
390 872 3
390 873 3
390 880 3
391 2 2
391 3 3
391 4 2
391 5 3
391 7 5
391 11 3
391 12 2
391 15 4
391 17 4
391 21 3
391 22 2
391 24 4
391 25 5
391 26 2
391 27 2
391 28 3
391 29 3
391 31 3
391 36 2
391 38 3
391 40 3
391 41 4
391 42 2
391 48 2
391 49 3
391 50 5
391 51 2
391 54 4
391 55 3
391 56 4
391 58 2
391 62 3
391 64 3
391 65 2
391 67 3
391 68 4
391 69 3
391 70 4
391 71 3
391 72 2
391 78 3
391 79 4
391 81 2
391 83 2
391 85 2
391 86 2
391 87 2
391 88 2
391 89 3
391 90 2
391 94 3
391 95 3
391 99 3
391 100 3
391 105 3
391 108 1
391 109 3
391 110 4
391 111 4
391 117 4
391 118 4
391 122 4
391 123 3
391 126 4
391 128 2
391 132 3
391 135 3
391 136 1
391 138 4
391 139 2
391 142 2
391 144 3
391 147 4
391 148 4
391 153 3
391 154 3
391 161 4
391 168 3
391 169 2
391 172 3
391 173 4
391 181 4
391 184 2
391 186 3
391 189 2
391 191 4
391 194 3
391 196 3
391 202 3
391 203 3
391 204 4
391 206 3
391 215 4
391 222 4
391 227 3
391 228 3
391 233 3
391 239 1
391 240 4
391 241 3
391 243 4
391 245 4
391 252 4
391 255 4
391 257 4
391 258 5
391 265 3
391 270 2
391 271 4
391 273 3
391 274 4
391 275 3
391 278 2
391 280 2
391 281 3
391 283 2
391 290 3
391 291 2
391 294 5
391 298 3
391 303 3
391 313 4
391 316 1
391 317 1
391 318 3
391 321 3
391 323 5
391 328 3
391 333 4
391 338 4
391 342 1
391 344 4
391 347 2
391 349 5
391 354 3
391 355 2
391 356 2
391 357 3
391 362 3
391 363 3
391 364 2
391 365 1
391 366 1
391 369 3
391 373 2
391 374 3
391 376 2
391 377 5
391 378 1
391 380 3
391 385 3
391 386 3
391 391 3
391 393 3
391 394 3
391 396 2
391 402 2
391 403 3
391 404 2
391 409 3
391 410 3
391 412 3
391 415 3
391 417 2
391 418 2
391 419 4
391 420 2
391 421 2
391 431 3
391 443 3
391 456 4
391 459 3
391 463 1
391 465 2
391 470 3
391 471 3
391 472 3
391 473 4
391 476 4
391 477 2
391 480 3
391 494 1
391 496 3
391 497 2
391 501 3
391 527 3
391 538 5
391 539 3
391 540 3
391 544 3
391 546 4
391 550 3
391 552 3
391 553 2
391 554 3
391 559 2
391 561 4
391 566 3
391 568 3
391 569 3
391 571 3
391 576 2
391 578 3
391 588 3
391 591 3
391 596 3
391 597 3
391 620 3
391 622 3
391 623 3
391 628 3
391 630 3
391 633 1
391 636 2
391 644 3
391 651 2
391 655 3
391 659 2
391 672 4
391 681 5
391 683 3
391 685 3
391 686 3
391 687 3
391 690 3
391 692 3
391 696 3
391 705 2
391 710 3
391 715 2
391 717 3
391 721 3
391 722 1
391 725 3
391 728 1
391 731 3
391 737 3
391 739 3
391 742 4
391 747 1
391 751 3
391 755 2
391 756 3
391 763 3
391 771 2
391 775 2
391 778 1
391 779 3
391 780 3
391 781 2
391 783 2
391 789 3
391 792 1
391 794 1
391 797 1
391 802 1
391 805 3
391 808 3
391 810 1
391 812 2
391 815 2
391 821 1
391 824 2
391 825 1
391 826 2
391 831 3
391 836 3
391 840 3
391 841 3
391 842 1
391 843 3
391 845 3
391 870 3
391 871 4
391 876 4
391 879 4
391 890 5
391 905 3
391 922 3
391 924 2
391 926 3
391 929 3
391 930 3
391 932 3
391 939 2
391 940 2
391 944 1
391 949 3
391 951 1
391 953 3
391 964 3
391 977 3
391 996 1
391 997 1
391 999 3
391 1000 1
392 1 4
392 4 3
392 7 5
392 22 3
392 28 3
392 31 3
392 38 3
392 42 3
392 50 5
392 56 4
392 67 3
392 68 3
392 72 3
392 73 2
392 79 4
392 84 3
392 88 3
392 96 4
392 97 3
392 98 4
392 101 3
392 109 3
392 117 4
392 121 5
392 128 3
392 132 3
392 144 3
392 154 2
392 156 3
392 158 1
392 161 4
392 164 3
392 172 3
392 174 4
392 179 3
392 181 4
392 184 2
392 186 3
392 195 4
392 208 2
392 210 4
392 216 3
392 217 3
392 218 3
392 226 3
392 227 4
392 228 4
392 229 3
392 230 4
392 232 3
392 233 2
392 238 3
392 250 3
392 257 4
392 265 3
392 288 4
392 313 4
392 364 3
392 383 4
392 385 4
392 386 3
392 402 3
392 411 4
392 416 2
392 423 3
392 433 3
392 449 2
392 450 3
392 455 3
392 496 4
392 508 3
392 541 2
392 550 3
392 552 3
392 559 3
392 561 4
392 568 3
392 576 3
392 597 4
392 655 4
392 658 3
392 665 3
392 679 2
392 739 3
392 746 1
392 763 3
392 771 2
392 773 5
392 780 3
392 797 2
392 802 2
393 1 5
393 15 5
393 50 5
393 64 4
393 89 4
393 97 4
393 98 5
393 100 5
393 121 5
393 151 5
393 154 3
393 174 4
393 186 4
393 216 4
393 231 5
393 237 5
393 240 4
393 252 4
393 255 3
393 257 4
393 313 5
393 315 3
393 328 4
393 342 2
393 378 3
393 423 4
393 458 3
393 472 4
393 596 4
393 739 4
393 892 3
393 924 3
394 1 4
394 9 3
394 25 4
394 100 4
394 106 2
394 117 4
394 121 4
394 125 3
394 148 3
394 237 4
394 245 3
394 260 3
394 274 3
394 282 3
394 288 4
394 300 3
394 322 3
394 333 3
394 471 3
394 591 2
394 597 3
394 678 3
394 717 2
394 742 3
394 751 3
394 829 2
394 840 1
394 841 2
394 871 3
394 977 2
394 986 2
395 7 4
395 22 3
395 23 2
395 50 5
395 56 4
395 95 3
395 100 4
395 108 2
395 117 4
395 127 4
395 134 3
395 135 3
395 171 1
395 172 3
395 174 4
395 177 3
395 178 2
395 183 3
395 192 2
395 194 3
395 195 3
395 197 3
395 199 2
395 210 3
395 221 3
395 261 3
395 268 3
395 273 3
395 286 4
395 288 4
395 302 4
395 313 4
395 318 3
395 322 3
395 324 2
395 325 3
395 332 3
395 334 1
395 338 3
395 340 4
395 345 3
395 390 3
395 423 3
395 435 3
395 457 3
395 475 3
395 483 3
395 498 2
395 504 3
395 513 1
395 588 2
395 611 3
395 615 3
395 641 3
395 657 2
395 680 1
395 705 1
395 748 5
395 751 3
395 853 3
395 855 3
395 878 3
395 894 3
395 988 3
395 989 3
395 991 1
396 2 3
396 4 4
396 12 4
396 13 5
396 15 5
396 25 5
396 28 4
396 31 4
396 47 4
396 49 3
396 50 5
396 56 5
396 63 3
396 64 4
396 65 3
396 66 4
396 69 4
396 70 4
396 72 3
396 73 3
396 82 4
396 85 2
396 87 3
396 94 4
396 95 4
396 117 5
396 124 4
396 125 4
396 126 4
396 127 4
396 132 4
396 134 3
396 144 4
396 152 3
396 154 4
396 158 3
396 159 2
396 163 3
396 167 2
396 168 4
396 172 4
396 174 5
396 176 4
396 178 3
396 181 5
396 182 4
396 183 4
396 186 4
396 191 5
396 194 4
396 196 4
396 197 4
396 199 4
396 202 4
396 203 4
396 204 5
396 211 4
396 216 4
396 228 4
396 229 4
396 230 4
396 234 4
396 235 5
396 239 2
396 274 4
396 276 4
396 284 5
396 357 4
396 385 4
396 393 4
396 399 3
396 403 4
396 414 2
396 417 4
396 423 4
396 429 2
396 430 2
396 432 4
396 435 4
396 474 3
396 476 5
396 479 3
396 480 4
396 481 3
396 485 4
396 491 2
396 493 1
396 494 2
396 496 4
396 497 2
396 498 3
396 501 4
396 502 1
396 504 3
396 510 3
396 514 4
396 519 2
396 520 2
396 521 3
396 523 3
396 525 1
396 588 4
396 589 1
396 591 3
396 602 2
396 654 3
396 659 3
396 661 2
396 663 3
396 700 3
396 710 4
396 715 3
396 732 4
396 735 3
396 737 2
396 756 4
396 796 2
396 953 1
396 969 2
396 991 2
396 993 2
397 2 1
397 5 2
397 8 1
397 9 2
397 12 2
397 15 2
397 22 1
397 26 1
397 33 1
397 38 2
397 41 3
397 42 2
397 43 2
397 48 1
397 50 4
397 53 2
397 55 1
397 56 3
397 57 2
397 58 2
397 62 2
397 63 2
397 64 2
397 66 2
397 67 2
397 68 2
397 69 2
397 71 2
397 72 1
397 73 1
397 77 2
397 79 3
397 80 2
397 84 2
397 91 2
397 93 2
397 94 2
397 95 2
397 97 2
397 98 3
397 99 2
397 102 2
397 110 2
397 114 2
397 117 2
397 118 3
397 121 4
397 127 2
397 128 2
397 132 2
397 140 2
397 143 2
397 144 2
397 147 3
397 148 2
397 153 2
397 155 1
397 156 2
397 157 2
397 161 3
397 164 1
397 168 2
397 172 2
397 174 2
397 175 2
397 179 1
397 180 2
397 181 3
397 186 2
397 187 1
397 188 1
397 195 3
397 196 2
397 203 2
397 204 3
397 210 2
397 214 2
397 215 2
397 219 1
397 223 2
397 227 2
397 228 3
397 229 2
397 230 2
397 231 2
397 233 1
397 234 2
397 237 3
397 238 2
397 239 1
397 241 2
397 264 2
397 265 2
397 268 2
397 273 2
397 274 2
397 276 3
397 282 2
397 284 2
397 288 3
397 289 2
397 291 1
397 295 1
397 301 2
397 307 2
397 318 1
397 323 3
397 332 2
397 338 1
397 340 3
397 364 4
397 372 2
397 378 1
397 380 2
397 382 1
397 383 3
397 384 2
397 385 2
397 386 2
397 388 2
397 389 1
397 395 2
397 399 2
397 400 2
397 401 3
397 402 2
397 403 2
397 405 3
397 407 3
397 412 2
397 413 2
397 418 1
397 420 1
397 423 2
397 431 1
397 432 1
397 436 2
397 444 2
397 450 2
397 451 2
397 452 1
397 454 2
397 455 2
397 459 2
397 470 1
397 471 2
397 475 1
397 486 2
397 496 3
397 501 2
397 506 1
397 508 1
397 527 2
397 531 1
397 543 2
397 544 2
397 546 3
397 549 1
397 550 1
397 554 2
397 559 1
397 564 3
397 566 2
397 568 2
397 575 2
397 576 2
397 578 2
397 582 1
397 588 1
397 591 1
397 597 3
397 616 2
397 622 2
397 628 2
397 633 2
397 651 1
397 655 2
397 660 2
397 679 1
397 684 2
397 693 1
397 697 2
397 710 2
397 720 2
397 722 1
397 727 2
397 732 2
397 735 1
397 738 1
397 742 2
397 744 1
397 746 2
397 747 2
397 754 3
397 755 1
397 760 2
397 763 2
397 768 2
397 772 2
397 774 2
397 779 2
397 781 1
397 806 2
397 809 1
397 813 1
397 817 2
397 824 1
397 825 2
397 826 4
397 845 1
397 924 2
397 926 1
397 928 2
397 941 3
397 946 2
397 959 2
397 969 2
397 975 2
397 977 2
397 986 1
398 258 4
398 259 4
398 288 4
398 294 4
398 304 2
398 307 3
398 321 3
398 323 4
398 689 3
399 1 3
399 9 2
399 11 2
399 13 2
399 14 2
399 26 2
399 44 1
399 50 3
399 64 2
399 65 1
399 70 3
399 71 2
399 83 1
399 97 2
399 100 3
399 111 3
399 117 3
399 121 3
399 127 2
399 133 1
399 135 2
399 143 2
399 144 2
399 147 2
399 151 3
399 153 2
399 154 2
399 157 1
399 161 3
399 162 1
399 168 2
399 172 3
399 173 2
399 174 3
399 181 3
399 194 2
399 196 2
399 197 2
399 198 1
399 199 1
399 202 3
399 204 3
399 210 2
399 225 2
399 235 3
399 237 3
399 248 2
399 257 2
399 272 2
399 273 2
399 275 2
399 276 2
399 280 1
399 282 2
399 294 3
399 302 3
399 312 1
399 315 1
399 316 2
399 318 2
399 321 2
399 322 2
399 328 2
399 357 2
399 365 2
399 371 1
399 385 2
399 404 1
399 430 1
399 435 2
399 451 2
399 462 2
399 471 2
399 478 2
399 481 2
399 484 2
399 485 2
399 486 2
399 493 2
399 499 2
399 501 2
399 507 2
399 508 2
399 509 1
399 511 1
399 515 1
399 519 1
399 520 2
399 527 2
399 528 2
399 535 2
399 553 1
399 566 2
399 582 1
399 603 1
399 604 2
399 609 1
399 630 2
399 632 2
399 638 2
399 651 1
399 654 2
399 655 2
399 659 1
399 661 2
399 684 2
399 707 1
399 724 2
399 735 2
399 748 3
399 762 2
399 815 1
399 866 1
399 892 2
400 1 5
400 9 5
400 10 3
400 13 5
400 16 2
400 19 2
400 25 5
400 42 3
400 48 3
400 50 5
400 96 4
400 111 5
400 116 3
400 117 5
400 124 4
400 126 3
400 127 4
400 135 4
400 151 5
400 182 4
400 204 5
400 222 5
400 234 4
400 237 5
400 245 4
400 255 4
400 273 4
400 276 4
400 286 5
400 455 4
400 471 4
400 475 3
400 476 4
400 480 3
400 483 4
400 511 3
400 529 3
400 591 3
400 628 3
400 696 2
400 764 3
