301 195 4
301 204 4
301 269 5
301 283 3
301 318 5
301 423 4
301 481 3
301 515 3
302 242 2
302 268 2
302 286 2
302 300 2
302 304 2
302 313 3
302 315 2
302 316 2
302 875 2
303 258 5
303 294 4
303 300 5
303 301 4
303 305 4
303 306 4
303 319 4
303 325 4
303 332 4
303 333 4
303 340 3
303 343 4
304 136 4
304 172 5
304 193 5
304 237 4
304 245 3
304 286 4
304 480 4
304 566 4
304 603 4
304 606 4
304 705 5
305 87 3
305 204 3
305 288 4
305 327 3
305 427 3
305 651 3
305 655 3
306 1 4
306 50 3
306 127 5
306 151 4
306 252 2
306 255 3
306 748 3
306 924 3
307 111 4
307 121 3
307 125 5
307 181 3
307 220 3
307 252 4
307 258 3
307 298 4
307 300 3
307 458 3
307 546 3
307 815 3
307 926 3
308 336 4
308 353 4
308 751 5
308 873 3
308 879 4
309 268 4
309 270 3
309 292 3
309 300 4
309 302 4
309 313 3
309 335 2
309 343 3
309 346 3
309 682 3
309 689 3
309 895 3
310 21 2
310 94 2
310 181 2
310 258 2
310 300 2
310 473 2
310 596 2
311 1 3
311 50 3
311 151 3
311 259 3
311 269 3
311 272 4
311 300 3
311 736 4
312 1 4
312 9 5
312 100 4
312 129 4
312 268 4
312 276 5
312 410 4
312 475 5
312 740 4
313 243 3
313 286 3
313 289 3
313 310 3
313 311 3
313 313 4
313 323 3
313 332 3
313 748 4
314 288 4
314 300 5
314 313 5
314 319 4
314 326 4
314 333 5
314 538 4
315 117 5
315 125 4
315 243 4
315 245 4
315 288 5
315 301 5
315 304 4
315 326 4
315 339 4
315 340 4
315 410 4
315 748 4
315 988 4
316 14 5
316 25 2
316 286 3
316 313 5
316 319 3
316 321 3
316 676 3
317 272 2
317 340 4
317 345 3
317 690 3
317 902 3
318 22 5
318 258 4
318 269 5
318 286 4
318 288 5
318 301 3
318 311 4
318 313 5
318 515 4
318 525 4
318 538 5
318 882 4
319 271 2
319 288 2
319 289 1
319 301 3
319 310 1
319 322 2
319 338 2
319 538 2
319 682 2
319 690 2
319 877 3
319 989 3
320 258 3
320 262 3
320 268 4
320 269 4
320 271 3
320 305 4
320 307 3
320 325 3
320 333 3
320 689 3
320 890 2
321 150 4
321 151 4
321 191 4
321 194 5
321 198 4
321 205 4
321 222 5
321 237 4
321 276 5
321 288 4
321 455 4
321 514 3
321 538 3
321 902 4
322 7 3
322 21 1
322 24 2
322 125 5
322 222 3
322 405 2
322 410 2
322 685 3
322 849 2
323 100 3
323 257 3
323 261 2
323 288 3
323 294 3
323 328 3
323 456 4
323 881 3
324 245 1
324 258 2
324 289 2
324 322 3
324 323 3
324 328 4
324 680 2
324 879 2
325 237 3
325 259 3
325 275 2
325 278 4
325 300 4
325 313 3
325 328 4
325 343 3
325 681 3
325 682 3
325 742 3
325 895 3
326 13 4
326 14 5
326 150 5
326 235 3
326 242 5
326 269 5
326 286 4
326 287 3
326 321 3
326 476 2
326 756 2
327 286 3
327 304 3
327 331 4
327 333 3
327 334 3
327 690 3
328 251 4
328 257 4
328 258 4
328 304 3
328 740 4
328 748 2
328 845 3
329 264 3
329 271 3
329 299 3
329 300 3
329 322 3
329 326 3
329 328 3
329 350 4
329 354 3
329 879 3
330 259 3
330 269 5
330 301 2
330 313 3
330 333 3
330 338 3
330 689 3
330 750 5
330 751 4
330 879 3
330 880 3
331 1 5
331 5 4
331 7 5
331 8 2
331 9 5
331 11 5
331 12 5
331 22 5
331 31 4
331 38 4
331 44 5
331 53 4
331 54 4
331 56 5
331 70 4
331 73 4
331 77 5
331 79 5
331 82 4
331 95 4
331 96 5
331 97 5
331 98 5
331 105 3
331 106 5
331 117 4
331 118 4
331 120 4
331 121 4
331 122 4
331 123 4
331 125 3
331 144 5
331 148 3
331 156 5
331 159 4
331 172 5
331 174 5
331 181 5
331 182 5
331 195 5
331 204 5
331 210 5
331 218 4
331 222 5
331 228 5
331 229 5
331 230 5
331 232 4
331 233 3
331 234 5
331 235 5
331 237 4
331 240 4
331 249 5
331 252 3
331 255 3
331 257 5
331 258 5
331 264 4
331 265 4
331 271 4
331 273 5
331 282 4
331 288 4
331 291 4
331 293 4
331 294 5
331 295 4
331 298 4
331 300 5
331 307 4
331 313 3
331 323 4
331 326 4
331 327 4
331 328 4
331 333 4
331 342 5
331 354 3
331 356 4
331 369 4
331 370 2
331 405 4
331 406 5
331 409 4
331 410 4
331 431 4
331 449 4
331 450 4
331 451 4
331 470 4
331 546 4
331 566 4
331 597 2
331 628 4
331 651 4
331 660 3
331 673 4
331 679 5
331 682 4
331 684 4
331 693 4
331 696 4
331 717 4
331 728 4
331 742 5
331 746 4
331 756 4
331 763 4
331 770 4
331 815 4
331 824 4
331 827 4
331 831 4
331 833 4
331 840 4
331 841 4
331 845 4
331 866 4
331 871 4
331 879 4
331 928 4
331 931 4
331 934 4
331 975 4
331 978 4
331 982 5
331 983 4
332 66 4
332 88 3
332 98 3
332 100 5
332 168 5
332 174 4
332 186 4
332 276 5
332 435 3
332 513 2
332 739 3
332 748 4
332 873 1
333 4 3
333 7 4
333 8 1
333 9 4
333 12 5
333 13 2
333 19 3
333 20 2
333 22 4
333 23 2
333 28 4
333 42 3
333 50 4
333 52 3
333 56 2
333 58 3
333 59 3
333 61 4
333 68 2
333 69 4
333 72 4
333 73 3
333 74 1
333 77 4
333 79 4
333 81 3
333 82 2
333 83 3
333 86 2
333 89 4
333 91 5
333 93 2
333 95 3
333 98 4
333 100 4
333 111 5
333 115 5
333 116 3
333 117 3
333 124 5
333 125 3
333 127 4
333 131 3
333 132 3
333 134 3
333 135 3
333 143 1
333 150 3
333 151 3
333 153 3
333 154 3
333 155 3
333 160 4
333 163 4
333 164 3
333 168 4
333 169 3
333 170 3
333 171 5
333 172 4
333 173 5
333 174 3
333 175 2
333 176 4
333 179 3
333 181 4
333 182 2
333 183 4
333 185 4
333 186 4
333 191 2
333 196 4
333 197 2
333 200 3
333 203 3
333 204 3
333 207 5
333 210 4
333 213 3
333 216 2
333 217 2
333 220 3
333 221 3
333 222 2
333 223 3
333 224 4
333 225 3
333 227 3
333 228 4
333 229 4
333 230 4
333 231 4
333 235 5
333 237 3
333 238 2
333 239 2
333 244 3
333 245 3
333 248 3
333 250 4
333 255 3
333 258 3
333 265 4
333 268 4
333 269 5
333 272 2
333 275 2
333 276 4
333 277 3
333 282 3
333 283 3
333 285 3
333 286 4
333 287 2
333 288 4
333 289 3
333 293 3
333 297 3
333 300 4
333 301 2
333 302 5
333 303 3
333 305 2
333 306 3
333 310 3
333 311 3
333 312 2
333 315 2
333 316 3
333 317 3
333 318 2
333 319 3
333 322 3
333 324 3
333 326 3
333 328 3
333 333 3
333 337 3
333 338 3
333 340 4
333 345 5
333 346 4
333 347 3
333 371 3
333 387 3
333 396 3
333 405 4
333 408 3
333 421 3
333 423 3
333 425 3
333 427 2
333 428 3
333 429 3
333 430 3
333 433 3
333 436 3
333 443 3
333 449 3
333 450 3
333 461 3
333 462 3
333 474 4
333 476 3
333 481 4
333 483 5
333 484 3
333 488 3
333 494 2
333 498 3
333 500 4
333 502 3
333 505 3
333 506 3
333 508 3
333 510 3
333 512 3
333 514 3
333 515 2
333 521 2
333 525 3
333 529 3
333 531 3
333 537 3
333 553 3
333 558 3
333 566 2
333 569 3
333 577 3
333 582 3
333 591 3
333 603 3
333 606 3
333 607 3
333 608 3
333 620 3
333 628 3
333 629 3
333 631 3
333 635 2
333 640 3
333 642 3
333 652 3
333 655 4
333 657 3
333 658 3
333 663 3
333 675 4
333 684 2
333 689 2
333 693 3
333 707 3
333 708 3
333 709 3
333 710 3
333 712 3
333 716 3
333 736 3
333 740 3
333 742 3
333 744 3
333 746 3
333 753 3
333 762 3
333 792 4
333 815 3
333 840 3
333 845 3
333 846 3
333 855 3
333 856 3
333 865 3
333 870 3
333 877 3
333 879 3
333 886 3
333 887 3
333 888 3
333 896 3
333 899 3
333 902 3
333 905 3
333 931 3
333 936 3
333 937 3
333 945 3
333 950 3
333 955 2
333 961 3
333 969 3
334 258 3
334 260 3
334 269 3
334 300 3
334 313 3
334 322 4
334 323 4
334 324 3
334 342 2
334 347 3
334 902 3
335 3 3
335 4 3
335 13 3
335 15 3
335 33 5
335 41 2
335 42 3
335 49 3
335 56 5
335 63 4
335 66 3
335 67 3
335 70 3
335 88 3
335 90 3
335 105 3
335 111 5
335 117 3
335 122 3
335 124 3
335 125 3
335 151 4
335 153 3
335 154 3
335 158 3
335 168 3
335 186 3
335 202 3
335 204 1
335 208 3
335 216 3
335 232 3
335 237 3
335 239 4
335 275 5
335 276 2
335 282 3
335 288 3
335 290 3
335 367 3
335 383 3
335 388 3
335 395 3
335 399 3
335 401 2
335 405 2
335 410 3
335 451 3
335 475 3
335 546 4
335 571 2
335 575 2
335 577 3
335 619 3
335 628 3
335 692 3
335 710 2
335 722 3
335 732 3
335 738 3
335 742 3
335 763 3
335 781 3
335 785 3
335 790 2
335 796 3
335 824 2
335 845 3
335 859 3
335 864 3
335 926 3
335 959 3
335 998 3
335 999 3
336 15 4
336 106 3
336 121 3
336 127 5
336 135 3
336 222 3
336 228 3
336 235 2
336 371 3
336 380 3
336 392 3
336 449 3
336 515 4
336 520 4
336 636 3
336 742 4
336 831 2
336 879 3
337 1 5
337 56 5
337 79 5
337 83 4
337 100 4
337 132 5
337 133 5
337 134 5
337 135 4
337 168 4
337 170 5
337 175 4
337 189 5
337 194 4
337 196 5
337 197 5
337 208 5
337 211 5
337 212 3
337 215 5
337 269 5
337 286 5
337 294 4
337 306 4
337 408 4
337 427 4
337 435 5
337 443 4
337 462 4
337 474 5
337 480 3
337 483 5
337 484 4
337 486 4
337 490 5
337 494 4
337 498 4
337 511 4
337 513 4
337 514 5
337 516 5
337 523 4
337 525 4
337 603 4
337 604 4
337 606 4
337 607 4
337 613 5
337 650 4
337 654 5
337 663 5
337 708 4
337 792 4
337 945 5
338 1 4
338 4 3
338 5 3
338 7 4
338 11 4
338 12 5
338 22 4
338 23 4
338 25 3
338 28 3
338 29 3
338 30 3
338 32 5
338 42 3
338 45 5
338 47 4
338 50 4
338 55 3
338 58 3
338 64 5
338 65 4
338 67 3
338 69 4
338 73 3
338 74 1
338 76 4
338 79 3
338 80 4
338 81 5
338 86 5
338 88 3
338 89 4
338 91 5
338 97 3
338 98 4
338 100 4
338 101 2
338 117 4
338 121 3
338 124 5
338 126 3
338 127 5
338 130 3
338 131 1
338 132 4
338 133 4
338 134 4
338 135 4
338 136 3
338 139 3
338 144 4
338 145 2
338 150 5
338 151 3
338 153 3
338 154 5
338 156 4
338 159 3
338 160 4
338 161 3
338 163 4
338 167 2
338 168 4
338 170 5
338 173 5
338 174 4
338 175 5
338 179 3
338 180 3
338 181 4
338 182 4
338 183 5
338 185 4
338 186 4
338 188 3
338 190 5
338 191 4
338 192 4
338 194 4
338 195 4
338 196 4
338 197 4
338 198 3
338 199 4
338 203 4
338 204 5
338 205 3
338 208 5
338 209 3
338 214 4
338 222 3
338 226 3
338 227 4
338 228 4
338 231 3
338 233 2
338 234 4
338 235 5
338 238 4
338 240 3
338 248 4
338 257 4
338 258 3
338 265 3
338 269 4
338 270 5
338 276 4
338 286 3
338 288 4
338 298 3
338 302 4
338 317 3
338 327 3
338 347 3
338 357 3
338 380 3
338 402 3
338 403 3
338 404 3
338 410 3
338 411 3
338 415 3
338 423 3
338 427 3
338 428 3
338 431 3
338 433 3
338 435 3
338 436 3
338 447 3
338 451 3
338 461 3
338 469 3
338 474 3
338 475 4
338 478 3
338 479 3
338 483 5
338 484 3
338 485 3
338 488 3
338 496 3
338 503 3
338 508 4
338 509 3
338 511 3
338 514 3
338 515 3
338 516 3
338 521 3
338 522 3
338 523 3
338 525 3
338 528 3
338 530 3
338 546 3
338 549 3
338 550 3
338 566 3
338 568 3
338 573 3
338 582 3
338 589 3
338 603 3
338 607 3
338 614 3
338 631 3
338 636 3
338 637 3
338 640 3
338 642 3
338 649 3
338 650 3
338 655 4
338 657 4
338 661 3
338 663 3
338 673 3
338 675 3
338 678 3
338 693 3
338 702 3
338 709 3
338 719 3
338 737 3
338 739 3
338 770 3
338 772 3
338 806 3
338 823 3
338 845 3
338 856 3
338 939 3
338 942 3
338 961 3
339 1 3
339 15 4
339 50 5
339 66 3
339 71 4
339 143 3
339 173 3
339 174 5
339 186 4
339 199 5
339 204 3
339 205 2
339 215 4
339 265 4
339 274 3
339 417 3
339 418 4
339 423 5
339 435 4
339 502 4
339 504 3
339 520 5
339 526 3
339 584 3
339 588 4
339 946 3
340 3 3
340 4 3
340 7 3
340 8 4
340 11 3
340 13 4
340 15 5
340 23 4
340 25 4
340 26 3
340 28 3
340 32 5
340 47 4
340 56 5
340 58 3
340 68 3
340 92 4
340 93 2
340 95 3
340 98 4
340 100 4
340 108 5
340 111 4
340 122 3
340 123 3
340 124 5
340 125 3
340 131 1
340 132 4
340 133 4
340 134 4
340 135 4
340 143 3
340 144 4
340 156 4
340 160 3
340 174 5
340 175 5
340 179 3
340 188 3
340 189 3
340 191 5
340 192 4
340 193 4
340 194 3
340 196 4
340 197 5
340 204 5
340 208 5
340 212 2
340 216 5
340 220 3
340 223 5
340 237 2
340 238 4
340 240 3
340 248 4
340 251 4
340 255 2
340 257 4
340 262 3
340 274 4
340 276 2
340 282 3
340 287 3
340 288 5
340 289 1
340 294 4
340 297 3
340 298 3
340 301 2
340 319 2
340 320 3
340 326 3
340 327 3
340 357 3
340 367 4
340 378 3
340 381 3
340 382 3
340 408 3
340 410 3
340 412 3
340 421 3
340 423 3
340 427 3
340 433 4
340 461 4
340 478 4
340 482 3
340 483 5
340 487 4
340 496 3
340 499 4
340 508 4
340 517 3
340 518 2
340 531 3
340 535 3
340 544 2
340 547 3
340 574 3
340 581 4
340 584 3
340 591 3
340 606 4
340 607 3
340 654 4
340 655 4
340 656 4
340 657 3
340 663 3
340 699 3
340 723 3
340 724 3
340 732 3
340 746 3
340 762 3
340 764 3
340 772 3
340 789 3
340 792 3
340 818 3
340 844 3
340 846 3
340 866 3
340 873 3
340 875 3
340 928 3
340 950 2
340 952 3
340 965 3
340 974 3
340 975 3
341 1 4
341 3 4
341 4 4
341 7 5
341 8 5
341 9 5
341 10 4
341 11 3
341 20 5
341 23 5
341 25 4
341 26 4
341 28 4
341 38 3
341 42 5
341 44 4
341 47 5
341 50 5
341 52 4
341 53 4
341 55 4
341 56 5
341 57 5
341 58 5
341 62 4
341 63 3
341 65 4
341 66 4
341 67 4
341 68 4
341 69 5
341 76 5
341 77 4
341 79 5
341 81 5
341 82 4
341 83 4
341 86 4
341 87 4
341 88 4
341 89 5
341 90 5
341 97 4
341 98 5
341 100 4
341 117 4
341 118 4
341 121 4
341 124 4
341 127 5
341 130 4
341 132 5
341 134 5
341 135 5
341 137 4
341 143 2
341 144 5
341 147 5
341 153 4
341 154 5
341 155 3
341 156 5
341 159 4
341 163 4
341 164 3
341 168 5
341 169 5
341 174 3
341 176 5
341 177 5
341 179 5
341 186 5
341 187 5
341 188 4
341 189 4
341 191 5
341 193 5
341 194 5
341 196 5
341 197 5
341 199 4
341 200 4
341 208 5
341 211 4
341 214 5
341 223 5
341 228 5
341 229 5
341 231 4
341 234 5
341 235 5
341 236 4
341 237 5
341 238 5
341 241 3
341 250 4
341 257 4
341 265 5
341 269 5
341 275 4
341 276 5
341 277 4
341 288 4
341 297 4
341 302 4
341 303 4
341 306 4
341 318 5
341 324 4
341 333 4
341 334 4
341 357 5
341 358 4
341 367 4
341 371 4
341 375 4
341 382 4
341 385 4
341 405 3
341 408 4
341 410 5
341 423 5
341 427 4
341 429 4
341 435 5
341 449 3
341 458 4
341 461 5
341 462 4
341 463 4
341 471 4
341 473 4
341 474 5
341 476 3
341 483 5
341 498 5
341 499 5
341 510 5
341 515 4
341 521 4
341 523 3
341 527 5
341 530 4
341 536 4
341 546 3
341 555 4
341 559 4
341 561 3
341 568 4
341 569 4
341 581 4
341 582 4
341 606 4
341 614 4
341 631 4
341 642 5
341 654 5
341 655 4
341 657 4
341 660 4
341 684 4
341 702 3
341 703 4
341 708 4
341 712 3
341 724 4
341 727 4
341 729 4
341 739 4
341 744 4
341 747 4
341 778 4
341 786 4
341 792 4
341 919 5
341 921 5
341 930 4
341 931 4
341 943 4
341 950 4
341 951 4
341 961 4
341 980 4
342 1 3
342 4 3
342 5 3
342 7 3
342 8 4
342 9 4
342 11 2
342 13 4
342 14 5
342 22 4
342 25 3
342 26 3
342 39 3
342 45 4
342 58 4
342 70 3
342 73 3
342 79 4
342 86 3
342 87 3
342 88 3
342 89 5
342 95 4
342 96 4
342 97 4
342 98 4
342 106 3
342 111 4
342 118 4
342 119 5
342 122 3
342 124 3
342 125 3
342 127 3
342 129 5
342 132 4
342 137 3
342 148 2
342 169 5
342 172 4
342 174 3
342 175 4
342 176 4
342 181 4
342 183 5
342 190 4
342 191 4
342 195 4
342 196 4
342 198 3
342 202 4
342 203 4
342 204 4
342 208 5
342 210 4
342 213 4
342 215 5
342 216 5
342 222 4
342 228 5
342 235 5
342 237 3
342 244 3
342 245 1
342 246 4
342 248 3
342 251 4
342 255 2
342 269 4
342 272 5
342 274 4
342 275 3
342 276 4
342 278 3
342 280 3
342 281 2
342 283 3
342 284 3
342 285 3
342 286 4
342 288 4
342 291 3
342 295 3
342 297 4
342 298 3
342 301 5
342 304 3
342 306 3
342 311 2
342 313 4
342 315 3
342 316 2
342 322 3
342 357 4
342 372 4
342 385 4
342 405 4
342 433 4
342 451 3
342 459 2
342 462 4
342 471 3
342 472 3
342 476 2
342 477 3
342 478 3
342 479 3
342 486 3
342 487 4
342 494 4
342 508 3
342 509 4
342 511 4
342 516 4
342 535 3
342 537 4
342 559 3
342 562 3
342 568 3
342 597 3
342 619 4
342 647 3
342 660 3
342 663 3
342 678 3
342 684 3
342 694 4
342 696 4
342 707 3
342 708 3
342 709 3
342 713 4
342 716 3
342 742 3
342 751 3
342 764 3
342 815 3
342 844 3
342 845 3
342 864 3
342 896 2
342 926 3
342 928 3
342 955 5
343 1 4
343 4 4
343 9 5
343 11 3
343 13 5
343 14 5
343 15 4
343 25 5
343 26 4
343 28 5
343 33 5
343 43 4
343 44 5
343 48 4
343 49 4
343 50 4
343 51 4
343 64 5
343 65 4
343 66 4
343 69 5
343 70 4
343 71 4
343 77 4
343 79 5
343 81 4
343 87 4
343 88 4
343 93 4
343 98 5
343 100 4
343 111 5
343 118 4
343 121 4
343 124 4
343 125 4
343 126 4
343 131 4
343 132 3
343 137 4
343 143 2
343 148 3
343 151 5
343 170 4
343 172 4
343 173 5
343 174 5
343 191 5
343 196 5
343 197 4
343 202 5
343 204 3
343 216 5
343 220 4
343 221 4
343 223 5
343 226 4
343 234 5
343 235 5
343 237 5
343 239 4
343 241 5
343 245 2
343 246 4
343 255 3
343 258 5
343 262 5
343 269 5
343 272 5
343 274 5
343 278 4
343 280 4
343 282 4
343 283 4
343 284 4
343 285 4
343 287 4
343 288 4
343 289 4
343 291 4
343 294 4
343 295 5
343 298 3
343 300 5
343 302 5
343 303 3
343 305 4
343 311 4
343 312 4
343 313 4
343 315 4
343 317 4
343 323 4
343 325 4
343 332 4
343 333 4
343 356 4
343 365 4
343 367 4
343 378 4
343 381 4
343 382 4
343 387 3
343 402 3
343 403 4
343 405 4
343 416 4
343 433 4
343 443 4
343 451 4
343 461 5
343 464 4
343 471 4
343 473 4
343 476 4
343 479 3
343 481 4
343 485 3
343 498 4
343 508 5
343 518 3
343 534 4
343 550 4
343 559 4
343 566 4
343 568 4
343 582 4
343 588 4
343 620 5
343 639 4
343 651 4
343 655 4
343 660 4
343 676 5
343 696 4
343 702 4
343 708 4
343 709 4
343 715 4
343 716 5
343 722 4
343 724 4
343 732 4
343 736 3
343 737 4
343 738 4
343 739 4
343 742 4
343 744 4
343 747 4
343 748 4
343 772 4
343 781 4
343 845 4
343 846 4
343 866 4
343 879 4
343 886 5
343 903 4
343 919 4
343 949 4
343 955 5
343 956 4
343 972 4
343 988 4
344 2 3
344 3 3
344 4 3
344 7 3
344 11 4
344 12 4
344 17 3
344 22 5
344 29 3
344 31 3
344 33 4
344 38 3
344 50 4
344 53 3
344 54 3
344 55 3
344 56 3
344 62 3
344 64 5
344 67 3
344 72 3
344 76 4
344 83 3
344 89 5
344 91 3
344 92 3
344 94 4
344 97 4
344 98 3
344 100 3
344 110 1
344 117 3
344 120 3
344 121 3
344 127 3
344 132 4
344 133 4
344 134 4
344 141 4
344 143 3
344 144 3
344 147 3
344 153 4
344 157 4
344 158 3
344 161 4
344 167 4
344 168 3
344 172 4
344 173 5
344 174 5
344 176 4
344 180 4
344 181 3
344 183 4
344 184 4
344 186 3
344 187 3
344 188 4
344 203 4
344 204 2
344 210 4
344 211 4
344 213 2
344 215 5
344 216 4
344 218 3
344 219 3
344 232 3
344 234 4
344 240 3
344 245 2
344 250 3
344 259 3
344 265 4
344 273 2
344 276 3
344 288 5
344 291 3
344 293 3
344 294 3
344 300 5
344 302 4
344 318 4
344 322 3
344 325 3
344 333 3
344 358 3
344 366 2
344 369 3
344 375 3
344 385 4
344 391 2
344 392 3
344 394 3
344 403 4
344 405 4
344 415 3
344 431 3
344 455 2
344 470 2
344 496 5
344 518 3
344 520 4
344 541 2
344 546 3
344 549 4
344 550 4
344 561 4
344 569 3
344 572 3
344 576 2
344 578 3
344 582 4
344 597 3
344 616 3
344 636 3
344 642 3
344 657 3
344 669 3
344 673 4
344 684 4
344 685 3
344 708 3
344 712 3
344 727 3
344 732 3
344 739 3
344 742 3
344 743 3
344 746 3
344 748 3
344 780 3
344 785 3
344 802 3
344 809 4
344 831 3
344 842 3
344 879 3
344 944 3
344 959 3
344 967 3
344 977 3
345 1 5
345 7 5
345 12 5
345 15 4
345 17 4
345 22 4
345 24 4
345 25 4
345 28 5
345 31 4
345 50 5
345 55 4
345 56 5
345 65 5
345 68 3
345 69 5
345 70 4
345 73 4
345 76 5
345 79 5
345 82 5
345 85 4
345 87 4
345 91 5
345 96 5
345 97 5
345 98 5
345 99 4
345 117 4
345 118 4
345 125 4
345 127 4
345 137 4
345 151 5
345 156 5
345 157 5
345 158 4
345 159 4
345 163 5
345 164 4
345 168 5
345 172 4
345 173 4
345 174 4
345 176 5
345 177 5
345 181 5
345 182 4
345 183 5
345 187 4
345 188 4
345 192 5
345 195 4
345 200 4
345 202 4
345 203 5
345 204 4
345 208 5
345 215 4
345 216 5
345 222 4
345 223 5
345 226 4
345 227 5
345 230 5
345 233 3
345 235 5
345 239 5
345 240 4
345 241 5
345 245 3
345 252 3
345 258 5
345 268 5
345 271 3
345 276 4
345 280 4
345 286 4
345 290 5
345 291 4
345 293 5
345 294 3
345 298 5
345 300 5
345 317 5
345 318 5
345 323 5
345 324 4
345 328 4
345 333 4
345 356 4
345 369 4
345 371 3
345 385 4
345 386 4
345 392 4
345 403 3
345 404 4
345 405 5
345 410 4
345 416 4
345 423 5
345 432 4
345 460 4
345 462 4
345 465 4
345 468 4
345 470 4
345 471 4
345 472 4
345 475 4
345 501 4
345 508 4
345 544 4
345 550 4
345 568 5
345 588 4
345 595 4
345 597 4
345 609 4
345 655 4
345 660 4
345 685 4
345 686 4
345 689 4
345 692 4
345 699 4
345 721 4
345 735 5
345 742 4
345 763 4
345 806 5
345 819 4
345 820 4
345 827 4
345 829 4
345 831 3
345 841 4
345 871 4
345 879 4
345 928 4
345 930 4
345 943 4
345 959 4
345 977 4
345 982 4
346 7 5
346 25 4
346 107 5
346 118 4
346 121 5
346 123 5
346 126 4
346 147 5
346 225 3
346 240 4
346 243 3
346 245 4
346 276 5
346 288 4
346 291 4
346 294 5
346 368 2
346 370 4
346 405 4
346 406 4
346 411 4
346 412 4
346 472 4
346 473 4
346 477 4
346 546 4
346 628 5
346 756 4
346 819 4
346 831 3
346 834 2
346 924 4
346 926 4
346 934 4
346 974 4
346 975 4
346 988 4
347 9 3
347 15 2
347 20 3
347 100 3
347 118 2
347 125 2
347 237 2
347 276 1
347 411 2
347 412 3
347 455 2
347 458 2
347 471 1
347 475 2
347 544 2
347 596 2
347 847 2
348 23 4
348 50 4
348 89 4
348 132 4
348 133 4
348 136 4
348 168 4
348 172 4
348 173 4
348 174 5
348 179 4
348 183 4
348 193 4
348 204 4
348 210 4
348 211 4
348 214 3
348 228 4
348 271 2
348 324 3
348 435 4
348 479 4
348 480 4
348 483 4
348 489 4
348 515 3
348 530 4
348 589 3
348 604 4
348 616 4
348 654 4
348 657 4
349 286 4
349 288 5
349 289 4
349 292 3
349 301 3
349 310 4
349 311 4
349 312 4
349 313 5
349 323 4
349 326 4
349 332 4
349 340 3
349 341 3
349 343 4
349 359 4
349 538 4
349 748 4
349 751 5
349 754 5
349 873 4
349 879 5
349 880 4
349 984 4
349 989 5
349 990 4
350 4 3
350 7 4
350 39 3
350 79 4
350 89 4
350 92 4
350 96 4
350 100 5
350 129 4
350 144 4
350 156 4
350 173 4
350 176 4
350 181 4
350 182 4
350 183 4
350 194 4
350 195 4
350 216 4
350 228 5
350 234 4
350 273 3
350 302 4
350 385 4
350 568 4
350 653 4
350 692 4
350 746 4
351 272 4
351 300 3
351 301 2
351 327 3
351 328 4
351 331 3
351 332 3
351 340 2
351 343 3
351 346 3
351 358 3
351 750 4
351 905 3
352 7 4
352 9 5
352 19 4
352 25 4
352 32 5
352 42 4
352 47 4
352 50 5
352 52 4
352 57 5
352 58 4
352 59 5
352 60 5
352 61 5
352 66 4
352 70 5
352 79 4
352 83 4
352 86 4
352 87 4
352 88 4
352 93 5
352 98 5
352 109 5
352 116 4
352 124 5
352 131 4
352 133 5
352 134 5
352 135 5
352 136 4
352 137 5
352 143 4
352 149 4
352 151 4
352 152 4
352 153 5
352 154 5
352 155 3
352 162 5
352 166 4
352 168 5
352 171 4
352 174 5
352 175 5
352 180 4
352 186 5
352 189 5
352 190 5
352 191 4
352 193 4
352 197 5
352 199 5
352 202 5
352 208 5
352 209 5
352 211 5
352 213 4
352 216 4
352 238 5
352 241 4
352 242 4
352 246 5
352 248 4
352 251 5
352 255 3
352 257 5
352 258 4
352 268 5
352 269 5
352 270 4
352 272 3
352 275 5
352 276 5
352 281 4
352 285 5
352 287 4
352 297 5
352 303 4
352 305 4
352 306 4
352 308 4
352 311 4
352 313 5
352 318 5
352 321 4
352 344 3
352 381 4
352 382 5
352 387 4
352 414 5
352 419 4
352 421 4
352 423 5
352 428 5
352 429 4
352 435 5
352 462 5
352 463 5
352 464 5
352 473 4
352 478 4
352 479 4
352 480 4
352 483 5
352 485 5
352 487 5
352 489 5
352 494 4
352 496 4
352 497 5
352 498 5
352 507 4
352 508 4
352 509 5
352 511 5
352 513 4
352 515 4
352 516 4
352 518 4
352 520 5
352 528 5
352 529 4
352 531 4
352 533 4
352 582 4
352 584 4
352 602 5
352 603 4
352 604 5
352 605 4
352 606 5
352 607 5
352 629 4
352 631 4
352 638 5
352 650 5
352 651 4
352 652 5
352 657 5
352 659 5
352 660 5
352 661 4
352 692 3
352 694 5
352 699 5
352 702 4
352 705 4
352 707 4
352 709 5
352 716 5
352 732 4
352 733 4
352 735 4
352 736 4
352 737 4
352 740 4
352 753 4
352 792 5
352 811 4
352 847 5
352 855 5
352 863 4
352 865 4
352 882 4
352 889 4
352 900 4
352 904 4
352 929 4
352 953 4
352 955 5
352 956 4
352 958 4
352 962 4
353 260 2
353 264 3
353 271 3
353 306 5
353 307 4
353 328 5
353 358 4
353 681 4
353 882 4
354 300 4
354 307 3
354 312 2
354 316 5
354 326 3
354 331 4
354 689 3
354 748 4
354 937 5
355 1 5
355 7 5
355 10 4
355 24 4
355 105 3
355 111 5
355 118 5
355 123 5
355 125 5
355 126 4
355 150 5
355 151 4
355 220 4
355 222 5
355 235 4
355 237 4
355 245 5
355 270 5
355 273 5
355 274 3
355 275 4
355 280 4
355 284 4
355 287 4
355 291 4
355 304 4
355 322 4
355 334 4
355 405 4
355 407 4
355 455 4
355 456 4
355 471 5
355 472 4
355 473 4
355 476 3
355 546 4
355 595 5
355 597 4
355 685 4
355 687 4
355 713 4
355 742 4
355 760 4
355 819 4
355 820 4
355 831 4
355 833 4
355 866 4
355 932 3
355 984 4
356 8 4
356 132 5
356 179 3
356 213 3
356 324 3
356 357 4
356 382 3
356 469 5
356 482 2
356 511 3
356 529 3
356 558 3
356 582 3
356 584 3
356 639 3
356 643 3
356 855 3
356 896 3
356 918 3
357 1 4
357 7 3
357 118 3
357 181 4
357 250 3
357 268 5
357 286 3
357 295 3
357 298 3
357 313 3
357 405 4
357 408 3
357 455 3
357 472 3
357 748 4
358 1 4
358 10 4
358 13 5
358 14 5
358 23 5
358 25 4
358 28 4
358 45 4
358 50 4
358 56 4
358 64 4
358 79 4
358 116 4
358 134 5
358 157 5
358 165 5
358 166 4
358 170 5
358 172 4
358 174 4
358 181 5
358 187 4
358 191 4
358 194 5
358 195 4
358 197 5
358 199 4
358 205 5
358 207 5
358 210 5
358 222 5
358 237 4
358 238 5
358 242 5
358 248 4
358 251 5
358 269 5
358 271 3
358 275 5
358 284 4
358 286 4
358 297 5
358 302 4
358 303 4
358 304 4
358 306 4
358 308 4
358 309 3
358 321 4
358 326 4
358 328 5
358 334 4
358 357 4
358 405 4
358 423 4
358 479 5
358 515 4
358 521 5
358 523 5
358 588 4
358 654 5
358 661 5
358 663 4
358 735 4
358 744 4
358 845 4
358 933 4
358 936 4
358 963 4
359 12 5
359 14 5
359 23 4
359 26 3
359 53 3
359 55 3
359 56 5
359 59 3
359 60 3
359 66 3
359 79 5
359 83 3
359 86 5
359 88 3
359 90 4
359 97 4
359 98 4
359 100 4
359 111 4
359 129 3
359 148 2
359 150 2
359 156 4
359 166 5
359 168 5
359 170 5
359 173 5
359 176 3
359 178 5
359 179 3
359 183 5
359 185 4
359 186 4
359 190 5
359 197 5
359 203 4
359 204 3
359 207 3
359 212 4
359 216 3
359 218 3
359 222 4
359 228 3
359 234 3
359 237 2
359 238 4
359 258 3
359 269 4
359 273 3
359 274 4
359 275 4
359 276 2
359 286 4
359 340 4
359 387 3
359 421 3
359 430 3
359 435 3
359 451 3
359 466 3
359 475 5
359 498 4
359 502 3
359 504 3
359 513 3
359 514 3
359 517 3
359 524 3
359 525 3
359 531 3
359 611 3
359 639 3
359 654 3
359 657 3
359 659 3
359 673 2
359 684 3
359 694 4
359 705 3
359 709 4
359 737 3
359 739 3
359 742 2
359 762 3
359 770 3
359 781 3
359 794 3
359 813 3
359 934 3
359 949 3
360 245 3
360 258 4
360 288 3
360 294 3
360 300 3
360 302 4
360 312 3
360 328 4
360 350 4
361 1 4
361 2 2
361 4 3
361 5 3
361 7 3
361 9 4
361 11 2
361 22 3
361 29 3
361 32 3
361 37 2
361 38 2
361 44 4
361 47 4
361 50 4
361 55 3
361 56 5
361 58 3
361 62 3
361 65 3
361 66 3
361 67 3
361 68 4
361 70 3
361 71 3
361 72 3
361 73 3
361 77 3
361 79 3
361 81 3
361 82 3
361 87 3
361 88 3
361 89 4
361 90 3
361 91 4
361 93 3
361 95 3
361 96 3
361 97 4
361 98 4
361 101 3
361 102 3
361 114 3
361 117 3
361 120 3
361 121 4
361 128 3
361 134 4
361 137 3
361 144 3
361 145 3
361 151 4
361 152 3
361 154 3
361 155 3
361 156 3
361 159 3
361 161 2
361 163 3
361 164 3
361 169 3
361 171 3
361 172 3
361 173 4
361 174 5
361 179 4
361 182 3
361 183 4
361 184 4
361 186 4
361 187 3
361 188 3
361 189 3
361 193 4
361 195 4
361 196 4
361 200 3
361 201 3
361 204 2
361 206 4
361 208 3
361 210 4
361 212 2
361 215 4
361 216 5
361 217 3
361 218 3
361 222 3
361 226 3
361 227 3
361 228 4
361 229 3
361 231 3
361 234 4
361 235 2
361 237 4
361 248 3
361 250 3
361 258 3
361 264 2
361 265 3
361 270 3
361 271 2
361 282 3
361 283 2
361 284 3
361 288 4
361 290 2
361 293 2
361 298 2
361 307 3
361 315 2
361 316 2
361 317 4
361 322 3
361 325 3
361 328 4
361 333 3
361 336 3
361 346 3
361 347 3
361 350 2
361 351 3
361 366 2
361 370 2
361 380 3
361 387 3
361 391 3
361 393 3
361 402 3
361 403 3
361 405 3
361 408 2
361 417 3
361 423 4
361 426 3
361 428 4
361 429 3
361 431 4
361 433 4
361 443 4
361 444 4
361 448 4
361 449 3
361 451 3
361 461 4
361 469 3
361 472 3
361 473 3
361 474 3
361 505 3
361 506 4
361 511 4
361 523 3
361 531 3
361 537 3
361 546 2
361 550 2
361 552 3
361 554 3
361 555 4
361 559 3
361 561 2
361 566 2
361 568 4
361 569 3
361 571 3
361 572 3
361 575 3
361 578 4
361 588 4
361 590 3
361 591 3
361 597 3
361 603 3
361 616 3
361 625 4
361 631 3
361 640 3
361 650 4
361 651 4
361 653 4
361 658 3
361 660 4
361 665 3
361 673 3
361 675 4
361 678 3
361 679 4
361 682 3
361 685 3
361 691 3
361 698 3
361 699 3
361 707 3
361 709 4
361 710 3
361 719 3
361 735 3
361 741 3
361 742 3
361 746 4
361 747 3
361 752 3
361 760 3
361 761 3
361 767 3
361 774 3
361 778 3
361 792 3
361 802 3
361 805 3
361 809 3
361 816 3
361 825 3
361 831 3
361 854 3
361 859 3
361 895 3
361 906 3
361 933 3
361 940 3
361 946 3
361 959 3
361 979 3
362 288 3
362 289 4
362 319 4
362 321 3
362 875 3
362 988 3
363 1 4
363 7 3
363 13 4
363 25 3
363 109 3
363 124 3
363 125 4
363 137 3
363 150 3
363 151 3
363 222 3
363 258 3
363 268 4
363 271 3
363 272 3
363 275 4
363 277 3
363 285 3
363 287 3
363 288 3
363 294 3
363 301 3
363 309 3
363 315 4
363 316 4
363 321 3
363 326 3
363 352 3
363 473 3
363 476 2
363 591 3
363 742 4
363 813 4
363 846 5
363 894 3
363 908 3
363 948 3
363 995 3
364 98 4
364 164 5
364 184 4
364 201 4
364 217 4
364 218 4
364 219 4
364 234 5
364 413 4
364 445 5
364 448 5
364 559 4
364 561 3
364 672 4
364 853 5
364 854 3
364 860 3
365 5 3
365 17 3
365 50 3
365 53 3
365 56 5
365 98 3
365 145 3
365 176 4
365 179 3
365 183 4
365 184 3
365 200 3
365 201 3
365 218 3
365 234 4
365 246 3
365 250 4
365 258 3
365 288 4
365 302 4
365 324 3
365 326 3
365 333 3
365 379 3
365 406 4
365 413 3
365 436 4
365 441 2
365 443 3
365 448 4
365 452 3
365 559 3
365 567 3
365 637 3
365 665 3
365 670 4
365 672 3
365 760 2
365 769 3
365 800 3
365 919 3
366 11 4
366 17 3
366 56 3
366 89 4
366 98 3
366 100 4
366 127 4
366 181 3
366 184 3
366 201 3
366 217 3
366 218 3
366 234 5
366 313 4
366 320 3
366 379 3
366 396 3
366 561 2
366 567 3
366 569 2
366 637 3
366 670 3
366 672 3
366 774 2
367 50 4
367 166 5
367 172 3
367 179 3
367 181 5
367 243 2
367 346 4
367 358 4
367 890 4
367 988 4
368 12 5
368 22 4
368 31 4
368 42 3
368 50 4
368 56 3
368 98 5
368 114 4
368 116 3
368 134 4
368 135 3
368 136 3
368 153 4
368 172 2
368 174 4
368 175 4
368 176 3
368 181 4
368 183 3
368 193 3
368 195 3
368 209 4
368 210 4
368 222 3
368 257 3
368 265 3
368 269 5
368 285 3
368 294 3
368 321 3
368 323 3
368 423 5
368 425 3
368 433 3
368 443 3
368 480 3
368 484 3
368 493 4
368 494 3
368 497 4
368 511 3
368 514 3
368 525 4
368 603 3
368 604 4
368 607 3
368 608 3
368 613 5
368 657 4
368 659 4
368 661 3
368 705 4
368 856 3
368 923 4
369 1 5
369 22 5
369 24 4
369 50 4
369 55 4
369 64 5
369 69 5
369 77 5
369 97 5
369 98 5
369 117 4
369 174 5
369 175 4
369 177 4
369 179 5
369 180 4
369 181 4
369 183 5
369 194 5
369 197 4
369 210 5
369 237 5
369 265 5
369 393 4
369 431 4
369 435 5
369 443 5
369 449 4
369 452 3
369 523 5
369 627 4
369 655 5
369 746 5
370 5 4
370 12 5
370 23 5
370 44 4
370 56 5
370 77 4
370 79 5
370 98 5
370 100 4
370 129 5
370 148 3
370 159 4
370 176 5
370 185 5
370 200 4
370 201 4
370 218 4
370 219 2
370 262 3
370 288 5
370 299 4
370 322 4
370 325 4
370 327 4
370 332 4
370 436 4
370 441 3
370 443 4
370 446 3
370 447 5
370 547 4
370 561 3
370 574 4
370 595 4
370 628 4
370 637 4
370 649 4
370 672 4
370 674 4
370 678 4
370 874 4
370 875 4
371 2 4
371 4 4
371 12 4
371 15 4
371 20 5
371 22 4
371 24 4
371 25 3
371 28 4
371 31 4
371 48 4
371 50 5
371 58 4
371 64 5
371 66 4
371 68 5
371 70 4
371 80 4
371 81 5
371 82 5
371 83 4
371 89 5
371 90 4
371 94 4
371 95 5
371 96 4
371 97 5
371 99 5
371 100 4
371 102 4
371 105 4
371 110 5
371 114 5
371 117 4
371 127 5
371 132 5
371 136 5
371 139 4
371 142 5
371 143 5
371 144 5
371 150 3
371 151 5
371 154 4
371 155 4
371 156 3
371 161 4
371 162 4
371 163 4
371 165 4
371 166 5
371 172 5
371 173 5
371 175 5
371 177 3
371 179 4
371 180 4
371 181 5
371 184 5
371 186 4
371 189 5
371 191 5
371 194 5
371 195 5
371 196 5
371 197 5
371 202 5
371 206 5
371 208 4
371 209 5
371 210 5
371 211 5
371 213 3
371 214 4
371 215 5
371 217 3
371 225 4
371 226 4
371 228 5
371 230 4
371 232 4
371 239 4
371 241 4
371 259 5
371 265 5
371 269 4
371 275 4
371 278 4
371 281 4
371 286 4
371 290 4
371 318 5
371 357 5
371 366 3
371 378 4
371 382 5
371 386 4
371 389 4
371 390 4
371 392 4
371 393 5
371 399 5
371 401 5
371 402 5
371 403 4
371 404 5
371 409 3
371 414 4
371 417 4
371 418 5
371 420 5
371 421 4
371 423 4
371 427 4
371 431 4
371 433 5
371 435 4
371 451 4
371 472 3
371 474 4
371 480 4
371 485 5
371 487 5
371 488 4
371 494 4
371 497 5
371 499 5
371 506 5
371 510 5
371 514 5
371 520 5
371 527 5
371 550 4
371 553 4
371 559 4
371 566 4
371 568 5
371 571 4
371 577 5
371 588 5
371 598 4
371 603 4
371 625 5
371 627 4
371 645 4
371 648 4
371 649 4
371 651 4
371 655 5
371 658 4
371 660 5
371 679 5
371 694 5
371 699 5
371 704 4
371 705 5
371 707 4
371 709 5
371 715 4
371 724 5
371 727 5
371 729 4
371 732 4
371 746 5
371 747 4
371 748 4
371 756 4
371 778 4
371 828 4
371 842 4
371 843 4
371 849 4
371 941 4
371 946 4
371 949 5
372 1 3
372 5 2
372 7 2
372 9 3
372 11 3
372 12 2
372 15 2
372 17 2
372 23 1
372 24 2
372 28 3
372 29 2
372 39 2
372 48 4
372 50 4
372 56 2
372 64 4
372 66 3
372 68 2
372 69 3
372 70 3
372 71 2
372 77 2
372 87 4
372 89 3
372 95 2
372 97 2
372 98 2
372 100 3
372 106 2
372 111 2
372 116 2
372 118 2
372 120 2
372 121 2
372 122 1
372 123 3
372 125 2
372 126 2
372 127 2
372 129 4
372 135 2
372 143 1
372 144 2
372 147 2
372 148 1
372 150 4
372 151 3
372 156 3
372 159 2
372 161 2
372 162 1
372 168 2
372 173 2
372 174 4
372 176 2
372 182 3
372 183 3
372 185 2
372 186 2
372 192 2
372 195 3
372 197 2
372 200 3
372 202 2
372 204 3
372 210 3
372 216 3
372 218 2
372 222 2
372 223 3
372 225 2
372 226 2
372 228 2
372 229 2
372 230 2
372 231 2
372 233 1
372 234 3
372 235 1
372 237 2
372 240 2
372 247 2
372 248 3
372 252 1
372 254 2
372 257 3
372 265 2
372 279 2
372 280 2
372 282 2
372 284 2
372 289 2
372 291 2
372 292 2
372 310 2
372 318 4
372 322 2
372 323 1
372 356 3
372 363 2
372 369 2
372 385 2
372 403 2
372 405 3
372 412 2
372 423 3
372 424 2
372 427 2
372 449 2
372 450 1
372 454 2
372 458 2
372 463 2
372 465 2
372 466 2
372 467 3
372 468 2
372 475 2
372 476 1
372 483 2
372 521 2
372 527 2
372 540 1
372 544 2
372 550 2
372 552 2
372 554 2
372 558 2
372 566 3
372 568 2
372 572 2
372 576 2
372 581 3
372 591 2
372 619 2
372 620 2
372 628 2
372 637 2
372 642 2
372 651 2
372 665 2
372 685 2
372 692 2
372 717 2
372 735 2
372 741 2
372 742 2
372 743 2
372 756 2
372 761 2
372 762 2
372 770 2
372 789 3
372 815 2
372 819 2
372 820 2
372 824 2
372 844 2
372 845 2
372 846 2
372 872 2
372 880 2
372 924 2
372 928 2
372 930 2
372 931 2
372 932 1
372 934 2
372 952 2
372 963 3
372 974 1
372 975 2
372 977 2
372 978 2
372 979 2
372 983 2
372 986 2
373 5 3
373 44 5
373 176 4
373 233 2
373 288 4
373 302 4
373 356 3
373 443 3
373 573 4
373 583 3
373 603 3
373 761 3
373 773 3
373 939 3
374 11 2
374 98 4
374 154 5
374 181 3
374 197 4
374 198 3
374 223 3
374 269 5
374 274 3
374 275 3
374 288 3
374 301 4
374 328 3
374 427 3
374 603 3
374 663 3
374 707 3
375 56 4
375 98 4
375 154 4
375 164 4
375 168 5
375 173 5
375 219 4
375 234 5
375 268 4
375 272 4
375 313 5
375 316 5
375 323 4
375 338 3
375 354 4
375 358 4
375 443 5
375 682 3
375 748 4
376 1 3
376 2 3
376 4 3
376 5 3
376 7 3
376 8 1
376 9 4
376 10 3
376 11 2
376 12 5
376 13 4
376 14 5
376 15 3
376 21 1
376 22 3
376 28 3
376 29 3
376 31 2
376 40 2
376 42 3
376 43 3
376 48 5
376 49 3
376 50 5
376 52 3
376 54 3
376 58 3
376 59 3
376 62 3
376 63 2
376 65 4
376 66 4
376 68 4
376 70 3
376 73 3
376 77 4
376 79 4
376 86 3
376 87 3
376 88 3
376 89 5
376 91 5
376 94 3
376 95 2
376 99 3
376 100 4
376 106 4
376 110 1
376 111 3
376 117 2
376 121 3
376 123 4
376 125 2
376 126 3
376 132 4
376 135 4
376 141 3
376 143 1
376 144 4
376 148 2
376 151 4
376 153 3
376 155 2
376 157 4
376 159 3
376 161 4
376 162 4
376 167 2
376 172 3
376 173 5
376 174 5
376 175 4
376 176 3
376 179 3
376 180 3
376 181 4
376 182 3
376 186 4
376 191 5
376 194 3
376 195 5
376 196 5
376 197 3
376 200 2
376 202 5
376 207 3
376 210 4
376 213 2
376 215 3
376 217 3
376 218 3
376 222 4
376 223 4
376 226 3
376 227 4
376 230 4
376 231 3
376 233 2
376 234 4
376 235 5
376 237 2
376 239 4
376 241 4
376 245 1
376 248 3
376 252 2
376 254 1
376 255 2
376 257 4
376 258 3
376 269 4
376 272 2
376 273 3
376 274 3
376 275 3
376 276 2
376 277 3
376 280 3
376 281 3
376 282 3
376 283 3
376 284 3
376 285 3
376 286 3
376 288 4
376 289 3
376 294 3
376 295 3
376 298 2
376 300 4
376 301 4
376 302 3
376 317 3
376 318 4
376 319 3
376 321 3
376 326 3
376 328 3
376 356 3
376 365 3
376 380 3
376 381 3
376 382 3
376 385 3
376 386 3
376 387 3
376 392 3
376 393 3
376 396 3
376 401 3
376 403 2
376 404 3
376 405 4
376 409 2
376 410 3
376 411 3
376 417 3
376 418 3
376 419 3
376 420 3
376 423 4
376 432 3
376 433 3
376 435 2
376 447 3
376 449 1
376 451 3
376 458 3
376 465 3
376 468 3
376 469 3
376 471 3
376 476 4
376 479 3
376 482 3
376 485 3
376 496 3
376 500 4
376 501 3
376 508 3
376 509 3
376 517 3
376 527 3
376 528 3
376 542 3
376 546 3
376 549 3
376 554 3
376 559 3
376 566 3
376 568 3
376 572 3
376 575 3
376 576 3
376 582 3
376 591 3
376 596 3
376 597 3
376 606 3
376 619 3
376 620 3
376 623 3
376 629 3
376 631 3
376 632 3
376 635 3
376 636 3
376 651 3
376 655 3
376 663 3
376 665 3
376 674 3
376 684 3
376 686 3
376 692 3
376 693 3
376 694 3
376 696 3
376 699 3
376 702 3
376 703 3
376 707 3
376 708 3
376 709 3
376 715 3
376 716 3
376 720 3
376 722 3
376 723 3
376 724 3
376 729 3
376 731 3
376 732 3
376 734 3
376 739 3
376 742 3
376 747 3
376 755 3
376 756 3
376 762 3
376 768 3
376 775 3
376 778 3
376 780 3
376 787 3
376 792 3
376 793 3
376 796 3
376 806 3
376 807 3
376 845 3
376 866 3
376 875 2
376 896 3
376 918 3
376 921 3
376 924 3
376 926 3
376 928 3
376 930 3
376 939 3
376 942 3
376 951 3
376 959 3
376 961 3
376 969 3
376 972 3
376 977 3
376 979 5
377 4 4
377 8 2
377 9 5
377 23 5
377 50 4
377 52 5
377 54 4
377 56 5
377 62 4
377 63 3
377 64 5
377 69 4
377 79 5
377 82 4
377 83 4
377 88 4
377 89 5
377 90 5
377 93 5
377 96 4
377 98 5
377 100 4
377 116 3
377 124 5
377 127 5
377 131 2
377 133 5
377 135 4
377 137 5
377 141 4
377 152 3
377 153 5
377 157 5
377 158 4
377 161 5
377 163 5
377 168 5
377 172 5
377 173 5
377 174 5
377 176 5
377 177 5
377 178 5
377 179 5
377 183 5
377 186 5
377 187 5
377 188 4
377 191 5
377 192 5
377 193 5
377 194 5
377 195 5
377 196 5
377 199 5
377 200 4
377 202 5
377 203 5
377 204 5
377 205 4
377 208 5
377 210 5
377 211 4
377 216 5
377 219 2
377 227 4
377 230 5
377 233 3
377 238 5
377 239 5
377 251 4
377 257 5
377 270 3
377 284 4
377 285 4
377 294 5
377 300 5
377 306 3
377 310 4
377 331 3
377 339 4
377 357 5
377 372 4
377 381 4
377 383 4
377 385 4
377 391 5
377 393 4
377 395 4
377 398 4
377 402 4
377 405 4
377 414 4
377 417 4
377 419 4
377 427 4
377 428 5
377 434 4
377 436 4
377 443 4
377 447 4
377 448 4
377 451 4
377 452 4
377 461 4
377 480 4
377 502 4
377 511 4
377 514 4
377 516 5
377 517 4
377 520 4
377 522 4
377 523 4
377 527 4
377 528 4
377 529 4
377 530 4
377 554 4
377 559 4
377 563 4
377 566 4
377 568 4
377 575 4
377 576 4
377 603 4
377 616 4
377 622 4
377 631 4
377 636 4
377 637 4
377 644 4
377 649 4
377 651 4
377 654 4
377 655 5
377 659 5
377 674 4
377 684 4
377 686 5
377 701 4
377 704 4
377 705 5
377 710 4
377 712 4
377 729 4
377 732 4
377 735 4
377 746 4
377 842 4
377 855 4
378 1 3
378 9 5
378 12 4
378 22 4
378 28 3
378 31 3
378 38 3
378 58 3
378 59 4
378 60 4
378 61 3
378 62 3
378 69 4
378 71 3
378 81 3
378 95 3
378 98 3
378 100 4
378 109 3
378 114 3
378 118 1
378 121 4
378 132 4
378 134 4
378 135 4
378 139 3
378 152 3
378 154 3
378 161 2
378 163 3
378 168 4
378 170 4
378 172 4
378 176 4
378 177 3
378 181 4
378 182 4
378 183 4
378 185 5
378 186 4
378 190 3
378 194 4
378 197 4
378 204 4
378 208 5
378 213 3
378 215 4
378 217 3
378 222 4
378 228 3
378 229 3
378 238 5
378 241 3
378 258 3
378 265 3
378 270 2
378 286 3
378 300 4
378 313 4
378 315 2
378 340 3
378 356 3
378 357 4
378 382 3
378 414 3
378 416 3
378 419 2
378 423 5
378 425 3
378 427 3
378 428 3
378 433 3
378 435 4
378 443 3
378 449 3
378 462 3
378 463 3
378 465 2
378 474 4
378 479 3
378 483 4
378 496 4
378 502 4
378 506 4
378 512 3
378 515 3
378 518 3
378 521 4
378 527 3
378 530 3
378 554 3
378 561 3
378 566 3
378 573 3
378 587 3
378 614 3
378 630 3
378 631 3
378 651 3
378 654 3
378 663 3
378 664 3
378 665 3
378 670 2
378 684 3
378 699 3
378 708 3
378 709 3
378 712 3
378 729 3
378 732 2
378 736 3
378 744 3
378 750 3
378 751 3
378 753 3
378 770 3
378 856 3
378 923 4
378 956 4
378 959 3
379 1 4
379 13 3
379 14 5
379 15 2
379 16 5
379 20 4
379 30 4
379 49 3
379 50 4
379 59 3
379 77 4
379 83 3
379 89 4
379 94 3
379 97 4
379 99 3
379 100 4
379 102 2
379 129 5
379 132 4
379 133 4
379 134 3
379 135 4
379 139 3
379 150 5
379 151 3
379 175 5
379 178 2
379 191 4
379 212 4
379 214 4
379 216 4
379 217 3
379 228 4
379 259 1
379 276 4
379 281 3
379 283 3
379 294 4
379 303 3
379 304 3
379 318 5
379 344 3
379 378 3
379 403 4
379 418 3
379 432 4
379 443 3
379 462 3
379 473 3
379 479 3
379 485 3
379 487 3
379 493 3
379 495 3
379 498 3
379 501 3
379 509 3
379 512 3
379 514 3
379 526 3
379 529 3
379 566 3
379 582 3
379 607 3
379 631 3
379 634 3
379 640 3
379 647 3
379 652 3
379 656 3
379 657 3
379 660 3
379 673 3
379 682 3
379 693 3
379 694 3
379 705 3
379 724 3
379 742 3
379 771 3
379 778 3
379 847 3
379 887 3
379 898 3
379 914 3
379 934 3
379 995 3
380 7 4
380 9 4
380 25 3
380 56 4
380 100 2
380 122 4
380 127 3
380 134 4
380 135 4
380 137 3
380 171 4
380 180 3
380 183 5
380 197 5
380 258 3
380 276 4
380 290 3
380 332 3
380 334 3
380 357 3
380 474 3
380 475 3
380 482 3
380 504 3
380 507 3
380 511 3
380 546 1
380 717 3
381 9 5
381 14 5
381 19 4
381 58 4
381 81 5
381 86 5
381 89 5
381 100 5
381 132 5
381 134 5
381 137 5
381 182 5
381 193 5
381 197 5
381 203 5
381 205 4
381 223 5
381 237 5
381 238 5
381 268 5
381 272 5
381 285 4
381 302 5
381 313 5
381 315 3
381 319 4
381 357 5
381 425 4
381 427 4
381 435 4
381 464 4
381 474 4
381 475 5
381 478 4
381 479 4
381 480 4
381 483 5
381 484 4
381 504 4
381 505 4
381 513 4
381 639 4
381 641 4
381 654 4
381 657 4
381 663 4
382 289 5
382 302 5
382 313 5
382 316 5
382 327 4
382 329 4
382 333 4
382 343 4
382 748 4
383 4 2
383 8 2
383 12 4
383 18 2
383 24 4
383 29 4
383 32 1
383 37 2
383 46 2
383 47 2
383 48 2
383 50 2
383 53 2
383 56 2
383 58 2
383 59 2
383 61 2
383 79 2
383 81 2
383 82 2
383 87 2
383 89 2
383 93 2
383 98 2
383 99 3
383 111 2
383 114 2
383 122 2
383 127 2
383 128 2
383 129 2
383 131 2
383 133 2
383 134 3
383 136 2
383 143 3
383 144 3
383 145 1
383 151 2
383 152 2
383 153 5
383 156 2
383 160 2
383 168 3
383 169 5
383 171 2
383 172 2
383 173 2
383 174 2
383 175 3
383 177 1
383 180 2
383 181 2
383 183 4
383 185 3
383 186 5
383 187 3
383 189 5
383 191 2
383 192 2
383 194 3
383 195 2
383 199 2
383 200 1
383 207 2
383 208 4
383 209 5
383 211 4
383 216 2
383 217 2
383 218 2
383 219 3
383 221 2
383 224 3
383 235 4
383 236 2
383 238 4
383 249 2
383 250 3
383 253 2
383 254 2
383 256 2
383 257 5
383 262 2
383 273 2
383 276 2
383 283 2
383 285 2
383 286 2
383 290 2
383 293 1
383 304 1
383 305 2
383 318 4
383 320 2
383 325 2
383 337 2
383 340 3
383 346 2
383 347 2
383 367 2
383 383 2
383 384 3
383 385 4
383 403 2
383 405 2
383 408 2
383 417 3
383 419 2
383 423 4
383 425 2
383 427 1
383 428 5
383 429 3
383 430 5
383 433 5
383 435 3
383 443 4
383 444 2
383 447 3
383 451 1
383 455 2
383 458 2
383 461 2
383 462 2
383 473 2
383 474 2
383 479 2
383 480 2
383 483 2
383 484 2
383 485 2
383 486 2
383 487 2
383 489 2
383 492 2
383 496 2
383 502 2
383 503 2
383 506 2
383 508 4
383 511 2
383 512 2
383 521 2
383 523 2
383 524 2
383 525 2
383 529 2
383 557 2
383 603 2
383 604 2
383 606 2
383 616 2
383 629 2
383 631 2
383 650 2
383 652 2
383 653 2
383 654 2
383 657 2
383 658 2
383 659 2
383 661 2
383 664 2
383 673 2
383 674 2
383 675 2
383 705 2
383 719 2
383 727 2
383 732 2
383 739 2
383 745 2
383 794 2
383 811 2
383 851 2
383 855 2
383 865 2
383 871 2
383 896 2
383 900 2
383 919 2
383 922 2
383 940 2
383 942 2
383 945 2
383 959 2
383 961 2
383 965 2
384 24 3
384 273 4
384 281 3
384 323 3
384 405 3
384 455 3
384 515 4
384 546 3
384 597 4
384 825 3
385 2 3
385 4 4
385 7 4
385 8 4
385 10 3
385 11 3
385 13 5
385 20 3
385 22 3
385 23 3
385 24 3
385 27 3
385 31 3
385 32 4
385 33 5
385 39 3
385 46 4
385 47 3
385 48 5
385 50 4
385 52 4
385 55 2
385 56 4
385 58 4
385 61 3
385 62 3
385 64 4
385 68 3
385 69 4
385 71 4
385 76 3
385 79 4
385 81 3
385 82 3
385 83 3
385 89 4
385 91 4
385 92 3
385 93 3
385 96 4
385 97 3
385 98 4
385 99 3
385 101 3
385 102 3
385 107 3
385 113 3
385 114 3
385 116 3
385 117 3
385 121 3
385 123 2
385 127 4
385 129 2
385 133 3
385 135 4
385 136 3
385 144 3
385 147 3
385 151 3
385 156 3
385 161 3
385 168 3
385 169 3
385 176 4
385 180 3
385 181 4
385 183 4
385 184 3
385 186 3
385 187 3
385 189 3
385 190 3
385 192 3
385 193 3
385 194 2
385 195 4
385 196 3
385 197 4
385 198 3
385 199 5
385 200 3
385 201 3
385 202 3
385 203 3
385 205 2
385 206 3
385 208 3
385 209 4
385 211 5
385 215 3
385 217 1
385 218 3
385 219 3
385 222 4
385 223 5
385 224 4
385 226 3
385 227 3
385 228 4
385 229 3
385 230 3
385 231 3
385 238 3
385 246 3
385 248 3
385 250 3
385 258 4
385 265 4
385 268 4
385 273 3
385 277 3
385 288 3
385 289 3
385 293 3
385 294 3
385 295 3
385 298 3
385 317 5
385 318 3
385 319 3
385 320 1
385 321 3
385 325 3
385 333 3
385 357 3
385 380 3
385 381 3
385 385 3
385 393 3
385 403 3
385 410 3
385 414 3
385 418 2
385 423 3
385 428 3
385 429 3
385 430 2
385 431 4
385 432 3
385 434 3
385 435 3
385 436 4
385 441 2
385 444 2
385 446 3
385 447 3
385 448 3
385 455 3
385 458 3
385 461 4
385 463 5
385 470 3
385 473 3
385 474 2
385 475 3
385 477 2
385 488 4
385 496 5
385 501 2
385 508 3
385 511 3
385 514 3
385 520 4
385 526 4
385 528 3
385 532 3
385 547 3
385 549 4
385 558 1
385 559 3
385 561 2
385 564 4
385 566 3
385 569 3
385 578 3
385 580 3
385 582 3
385 583 3
385 593 3
385 603 3
385 619 3
385 625 3
385 642 3
385 650 4
385 651 4
385 659 3
385 672 2
385 674 3
385 678 3
385 679 3
385 684 5
385 692 3
385 693 3
385 697 3
385 732 3
385 735 3
385 737 3
385 742 3
385 744 3
385 746 3
385 768 4
385 769 3
385 772 1
385 773 1
385 774 3
385 789 4
385 790 2
385 806 5
385 844 1
385 845 3
385 854 1
385 919 3
385 943 3
385 952 2
385 969 3
385 972 3
385 984 2
386 1 4
386 5 4
386 56 4
386 100 4
386 111 5
386 147 4
386 184 4
386 237 4
386 259 2
386 300 5
386 301 4
386 302 5
386 307 4
386 310 3
386 313 5
386 315 4
386 323 3
386 326 5
386 333 4
386 508 4
386 569 4
386 596 4
386 628 4
386 678 4
386 680 4
386 682 4
386 690 4
386 742 5
386 769 4
386 816 4
386 845 4
386 871 4
387 4 3
387 8 3
387 23 3
387 25 2
387 28 4
387 29 2
387 38 3
387 40 2
387 42 4
387 47 3
387 50 4
387 53 3
387 56 5
387 59 4
387 64 5
387 65 3
387 71 3
387 72 4
387 77 3
387 79 4
387 80 3
387 81 3
387 82 3
387 88 3
387 90 3
387 94 3
387 95 3
387 98 4
387 99 4
387 100 4
387 105 3
387 109 3
387 111 5
387 118 4
387 124 4
387 127 4
387 131 2
387 132 4
387 136 2
387 142 3
387 151 4
387 152 3
387 153 3
387 154 5
387 159 3
387 160 4
387 167 4
387 168 4
387 172 4
387 173 2
387 174 5
387 176 4
387 178 2
387 179 3
387 181 4
387 185 3
387 186 4
387 191 3
387 194 5
387 197 3
387 202 3
387 204 3
387 205 3
387 208 5
387 210 3
387 211 3
387 216 4
387 217 1
387 234 4
387 238 3
387 249 3
387 275 3
387 283 3
387 285 2
387 300 3
387 301 4
387 378 3
387 383 2
387 384 3
387 393 3
387 395 3
387 396 2
387 401 1
387 402 3
387 404 3
387 407 3
387 410 3
387 411 3
387 414 4
387 416 3
387 420 4
387 423 3
387 427 3
387 428 2
387 429 3
387 435 3
387 451 3
387 454 3
387 467 5
387 471 3
387 474 2
387 475 3
387 477 2
387 478 4
387 479 2
387 480 2
387 481 3
387 483 3
387 484 3
387 490 3
387 491 3
387 492 4
387 493 4
387 496 3
387 497 4
387 498 3
387 499 3
387 501 3
387 503 3
387 504 2
387 506 3
387 507 2
387 509 5
387 510 4
387 514 3
387 517 5
387 518 4
387 519 3
387 520 4
387 525 4
387 526 3
387 527 3
387 531 3
387 550 4
387 558 1
387 568 4
387 583 3
387 584 3
387 588 4
387 591 3
387 602 3
387 604 4
387 605 2
387 607 3
387 610 2
387 612 3
387 613 4
387 616 3
387 630 2
387 631 3
387 642 3
387 649 3
387 656 5
387 657 2
387 661 2
387 662 5
387 674 3
387 693 3
387 699 4
387 700 3
387 705 3
387 712 3
387 715 3
387 731 3
387 732 3
387 736 3
387 739 4
387 756 3
387 785 3
387 792 5
387 820 4
387 824 3
387 835 3
387 836 2
387 845 3
387 847 4
387 923 3
387 926 3
387 942 3
387 945 3
387 954 3
387 955 3
387 965 3
387 997 3
388 9 5
388 100 5
388 126 4
388 283 5
388 289 4
388 302 5
388 319 4
388 328 5
388 329 4
388 331 4
388 515 4
388 713 5
388 742 4
388 845 4
388 989 4
388 990 4
389 8 5
389 9 5
389 12 5
389 15 4
389 26 4
389 47 4
389 48 5
389 56 5
389 58 4
389 59 5
389 60 5
389 61 5
389 64 5
389 69 5
389 71 5
389 76 4
389 89 5
389 97 4
389 100 4
389 132 5
389 134 5
389 148 4
389 168 5
389 173 5
389 182 5
389 188 4
389 191 5
389 195 5
389 197 5
389 200 4
389 203 5
389 204 5
389 205 4
389 213 5
389 215 5
389 222 5
389 234 5
389 237 5
389 258 5
389 264 4
389 276 5
389 282 4
389 286 4
389 288 4
389 294 4
389 300 5
389 318 5
389 328 4
389 334 4
389 357 5
389 421 2
389 458 4
389 460 4
389 462 5
389 471 3
389 474 5
389 479 5
389 480 5
389 482 4
389 483 5
389 490 4
389 491 4
389 497 5
389 498 5
389 504 4
389 508 5
389 510 5
389 527 5
389 530 5
389 544 4
389 546 4
389 603 5
389 604 4
389 628 4
389 659 4
389 661 4
389 678 4
389 748 4
389 772 4
389 774 4
389 924 4
389 963 5
390 8 1
390 23 2
390 50 5
390 58 3
390 59 3
390 98 4
390 99 3
390 129 5
390 134 3
390 165 3
390 166 3
390 169 2
390 170 3
390 172 2
390 173 5
390 178 2
390 179 3
390 180 2
390 181 4
390 189 3
390 191 5
390 197 4
390 199 3
390 200 2
390 209 4
390 244 3
390 246 3
390 248 3
390 249 4
390 250 4
390 255 2
390 257 4
390 258 4
390 268 5
390 270 3
390 271 2
390 272 2
390 276 4
390 286 3
390 288 3
390 289 3
390 293 3
390 294 3
390 297 3
390 298 3
390 300 4
390 302 5
390 303 3
390 304 3
390 312 3
390 313 2
390 319 3
390 323 4
390 324 3
390 325 3
390 333 3
390 344 3
390 345 3
390 463 3
390 482 3
390 488 3
390 491 3
390 492 3
390 493 3
390 511 3
390 515 3
390 534 3
390 538 3
390 615 3
390 632 4
390 650 3
390 663 3
390 705 3
390 813 4
390 847 4
390 872 3
390 873 3
390 880 3
391 2 3
391 3 2
391 4 3
391 5 3
391 7 4
391 11 4
391 12 3
391 15 3
391 17 3
391 21 3
391 22 3
391 24 3
391 25 3
391 26 4
391 27 3
391 28 4
391 29 3
391 31 3
391 36 2
391 38 3
391 40 4
391 41 2
391 42 3
391 48 5
391 49 3
391 50 5
391 51 3
391 54 3
391 55 2
391 56 5
391 58 4
391 62 3
391 64 5
391 65 4
391 67 4
391 68 3
391 69 3
391 70 4
391 71 4
391 72 4
391 78 3
391 79 3
391 81 3
391 83 3
391 85 3
391 86 3
391 87 3
391 88 3
391 89 3
391 90 3
391 94 3
391 95 3
391 99 4
391 100 4
391 105 2
391 108 5
391 109 2
391 110 1
391 111 3
391 117 3
391 118 4
391 122 3
391 123 2
391 126 3
391 128 3
391 132 3
391 135 4
391 136 3
391 138 1
391 139 3
391 142 4
391 144 4
391 147 3
391 148 3
391 153 4
391 154 3
391 161 4
391 168 4
391 169 2
391 172 5
391 173 4
391 181 4
391 184 4
391 186 3
391 189 3
391 191 3
391 194 5
391 196 4
391 202 4
391 203 4
391 204 3
391 206 3
391 215 4
391 222 4
391 227 3
391 228 4
391 233 2
391 239 3
391 240 3
391 241 3
391 243 3
391 245 3
391 252 3
391 255 2
391 257 4
391 258 3
391 265 3
391 270 3
391 271 2
391 273 2
391 274 4
391 275 3
391 278 3
391 280 3
391 281 2
391 283 3
391 290 3
391 291 3
391 294 3
391 298 3
391 303 2
391 313 4
391 316 2
391 317 3
391 318 5
391 321 3
391 323 3
391 328 3
391 333 3
391 338 3
391 342 4
391 344 2
391 347 3
391 349 3
391 354 3
391 355 3
391 356 3
391 357 5
391 362 3
391 363 3
391 364 3
391 365 3
391 366 2
391 369 3
391 373 4
391 374 3
391 376 3
391 377 3
391 378 4
391 380 3
391 385 3
391 386 3
391 391 3
391 393 3
391 394 2
391 396 3
391 402 3
391 403 3
391 404 4
391 409 3
391 410 3
391 412 3
391 415 3
391 417 3
391 418 4
391 419 3
391 420 4
391 421 3
391 431 3
391 443 3
391 456 4
391 459 3
391 463 3
391 465 3
391 470 2
391 471 3
391 472 3
391 473 2
391 476 3
391 477 2
391 480 3
391 494 4
391 496 3
391 497 4
391 501 4
391 527 3
391 538 3
391 539 3
391 540 2
391 544 3
391 546 4
391 550 3
391 552 3
391 553 3
391 554 3
391 559 3
391 561 2
391 566 3
391 568 4
391 569 3
391 571 3
391 576 2
391 578 3
391 588 4
391 591 3
391 596 3
391 597 3
391 620 4
391 622 2
391 623 3
391 628 3
391 630 4
391 633 4
391 636 3
391 644 4
391 651 3
391 655 3
391 659 2
391 672 2
391 681 2
391 683 3
391 685 3
391 686 3
391 687 4
391 690 3
391 692 4
391 696 4
391 705 3
391 710 3
391 715 4
391 717 3
391 721 3
391 722 3
391 725 3
391 728 3
391 731 4
391 737 4
391 739 3
391 742 4
391 747 4
391 751 2
391 755 3
391 756 3
391 763 3
391 771 2
391 775 3
391 778 4
391 779 3
391 780 3
391 781 3
391 783 3
391 789 4
391 792 3
391 794 3
391 797 3
391 802 3
391 805 3
391 808 2
391 810 3
391 812 3
391 815 2
391 821 3
391 824 2
391 825 3
391 826 3
391 831 3
391 836 4
391 840 3
391 841 4
391 842 3
391 843 3
391 845 3
391 870 3
391 871 2
391 876 3
391 879 3
391 890 3
391 905 3
391 922 3
391 924 4
391 926 3
391 929 3
391 930 3
391 932 3
391 939 2
391 940 2
391 944 2
391 949 3
391 951 3
391 953 3
391 964 3
391 977 3
391 996 4
391 997 3
391 999 4
391 1000 3
392 1 3
392 4 3
392 7 3
392 22 5
392 28 4
392 31 3
392 38 2
392 42 3
392 50 5
392 56 4
392 67 3
392 68 4
392 72 3
392 73 3
392 79 4
392 84 4
392 88 3
392 96 5
392 97 3
392 98 3
392 101 2
392 109 3
392 117 3
392 121 3
392 128 3
392 132 3
392 144 3
392 154 2
392 156 4
392 158 3
392 161 4
392 164 3
392 172 4
392 174 5
392 179 2
392 181 5
392 184 4
392 186 3
392 195 5
392 208 2
392 210 4
392 216 5
392 217 1
392 218 3
392 226 3
392 227 3
392 228 4
392 229 3
392 230 3
392 232 3
392 233 2
392 238 4
392 250 2
392 257 5
392 265 4
392 288 4
392 313 3
392 364 4
392 383 3
392 385 3
392 386 4
392 402 3
392 411 3
392 416 4
392 423 5
392 433 2
392 449 3
392 450 2
392 455 3
392 496 3
392 508 3
392 541 3
392 550 3
392 552 3
392 559 3
392 561 2
392 568 4
392 576 3
392 597 3
392 655 3
392 658 3
392 665 3
392 679 4
392 739 3
392 746 3
392 763 3
392 771 3
392 773 3
392 780 3
392 797 3
392 802 3
393 1 5
393 15 5
393 50 5
393 64 5
393 89 5
393 97 5
393 98 5
393 100 5
393 121 5
393 151 5
393 154 5
393 174 5
393 186 5
393 216 5
393 231 4
393 237 5
393 240 4
393 252 5
393 255 4
393 257 5
393 313 5
393 315 4
393 328 5
393 342 4
393 378 5
393 423 5
393 458 4
393 472 4
393 596 4
393 739 4
393 892 4
393 924 4
394 1 4
394 9 3
394 25 2
394 100 4
394 106 3
394 117 4
394 121 3
394 125 5
394 148 3
394 237 4
394 245 3
394 260 3
394 274 4
394 282 4
394 288 3
394 300 4
394 322 3
394 333 3
394 471 3
394 591 3
394 597 3
394 678 3
394 717 3
394 742 3
394 751 3
394 829 3
394 840 3
394 841 3
394 871 3
394 977 3
394 986 3
395 7 4
395 22 4
395 23 3
395 50 5
395 56 5
395 95 2
395 100 4
395 108 5
395 117 3
395 127 3
395 134 3
395 135 2
395 171 4
395 172 4
395 174 4
395 177 4
395 178 3
395 183 4
395 192 4
395 194 4
395 195 4
395 197 3
395 199 3
395 210 3
395 221 3
395 261 2
395 268 4
395 273 2
395 286 3
395 288 4
395 302 5
395 313 5
395 318 2
395 322 3
395 324 3
395 325 3
395 332 3
395 334 4
395 338 2
395 340 4
395 345 4
395 390 5
395 423 5
395 435 5
395 457 3
395 475 5
395 483 5
395 498 3
395 504 3
395 513 3
395 588 3
395 611 3
395 615 3
395 641 3
395 657 4
395 680 3
395 705 3
395 748 1
395 751 3
395 853 3
395 855 3
395 878 3
395 894 3
395 988 3
395 989 3
395 991 3
396 2 4
396 4 4
396 12 5
396 13 4
396 15 4
396 25 3
396 28 5
396 31 4
396 47 4
396 49 4
396 50 5
396 56 5
396 63 4
396 64 5
396 65 4
396 66 4
396 69 5
396 70 4
396 72 4
396 73 4
396 82 4
396 85 4
396 87 3
396 94 4
396 95 3
396 117 4
396 124 5
396 125 4
396 126 4
396 127 5
396 132 4
396 134 4
396 144 5
396 152 5
396 154 5
396 158 4
396 159 4
396 163 4
396 167 5
396 168 5
396 172 4
396 174 5
396 176 5
396 178 3
396 181 5
396 182 4
396 183 5
396 186 5
396 191 5
396 194 5
396 196 5
396 197 5
396 199 3
396 202 5
396 203 4
396 204 4
396 211 4
396 216 4
396 228 4
396 229 5
396 230 4
396 234 5
396 235 4
396 239 4
396 274 4
396 276 5
396 284 4
396 357 4
396 385 4
396 393 4
396 399 5
396 403 4
396 414 5
396 417 3
396 423 5
396 429 4
396 430 3
396 432 4
396 435 5
396 474 3
396 476 4
396 479 3
396 480 3
396 481 4
396 485 4
396 491 4
396 493 4
396 494 4
396 496 5
396 497 4
396 498 4
396 501 3
396 502 5
396 504 3
396 510 4
396 514 3
396 519 4
396 520 5
396 521 3
396 523 4
396 525 4
396 588 3
396 589 4
396 591 4
396 602 4
396 654 3
396 659 4
396 661 4
396 663 5
396 700 4
396 710 4
396 715 4
396 732 4
396 735 4
396 737 5
396 756 4
396 796 4
396 953 4
396 969 4
396 991 4
396 993 4
397 2 2
397 5 2
397 8 1
397 9 4
397 12 4
397 15 1
397 22 4
397 26 2
397 33 3
397 38 2
397 41 1
397 42 2
397 43 2
397 48 4
397 50 4
397 53 2
397 55 1
397 56 3
397 57 4
397 58 2
397 62 2
397 63 1
397 64 4
397 66 2
397 67 2
397 68 2
397 69 3
397 71 3
397 72 3
397 73 2
397 77 2
397 79 3
397 80 1
397 84 3
397 91 2
397 93 2
397 94 2
397 95 3
397 97 3
397 98 2
397 99 2
397 102 2
397 110 1
397 114 4
397 117 2
397 118 2
397 121 2
397 127 3
397 128 3
397 132 2
397 140 2
397 143 2
397 144 4
397 147 2
397 148 1
397 153 3
397 155 2
397 156 3
397 157 3
397 161 3
397 164 2
397 168 3
397 172 3
397 174 4
397 175 4
397 179 2
397 180 2
397 181 3
397 186 2
397 187 2
397 188 2
397 195 3
397 196 2
397 203 3
397 204 4
397 210 3
397 214 2
397 215 3
397 219 3
397 223 3
397 227 1
397 228 3
397 229 2
397 230 3
397 231 2
397 233 1
397 234 3
397 237 2
397 238 3
397 239 3
397 241 2
397 264 1
397 265 3
397 268 3
397 273 1
397 274 2
397 276 2
397 282 2
397 284 2
397 288 4
397 289 2
397 291 2
397 295 2
397 301 1
397 307 2
397 318 4
397 323 1
397 332 2
397 338 1
397 340 3
397 364 1
397 372 2
397 378 3
397 380 2
397 382 2
397 383 2
397 384 2
397 385 2
397 386 2
397 388 2
397 389 2
397 395 2
397 399 2
397 400 1
397 401 3
397 402 2
397 403 3
397 405 3
397 407 2
397 412 3
397 413 2
397 418 2
397 420 3
397 423 4
397 431 3
397 432 2
397 436 3
397 444 3
397 450 1
397 451 2
397 452 2
397 454 1
397 455 2
397 459 2
397 470 2
397 471 2
397 475 2
397 486 2
397 496 2
397 501 2
397 506 3
397 508 2
397 527 1
397 531 1
397 543 2
397 544 2
397 546 2
397 549 2
397 550 2
397 554 2
397 559 2
397 564 2
397 566 2
397 568 3
397 575 2
397 576 2
397 578 2
397 582 2
397 588 2
397 591 2
397 597 3
397 616 2
397 622 2
397 628 2
397 633 3
397 651 2
397 655 2
397 660 2
397 679 2
397 684 2
397 693 2
397 697 2
397 710 2
397 720 2
397 722 2
397 727 3
397 732 2
397 735 2
397 738 2
397 742 2
397 744 2
397 746 2
397 747 3
397 754 1
397 755 2
397 760 2
397 763 2
397 768 1
397 772 2
397 774 2
397 779 2
397 781 2
397 806 2
397 809 2
397 813 2
397 817 2
397 824 2
397 825 2
397 826 2
397 845 2
397 924 1
397 926 2
397 928 2
397 941 2
397 946 2
397 959 3
397 969 2
397 975 2
397 977 2
397 986 2
398 258 4
398 259 1
398 288 3
398 294 3
398 304 3
398 307 3
398 321 4
398 323 3
398 689 3
399 1 3
399 9 3
399 11 3
399 13 1
399 14 4
399 26 2
399 44 4
399 50 2
399 64 4
399 65 3
399 70 2
399 71 2
399 83 2
399 97 2
399 100 3
399 111 3
399 117 3
399 121 3
399 127 4
399 133 3
399 135 3
399 143 2
399 144 3
399 147 3
399 151 2
399 153 2
399 154 4
399 157 3
399 161 3
399 162 3
399 168 4
399 172 3
399 173 4
399 174 4
399 181 3
399 194 3
399 196 3
399 197 3
399 198 2
399 199 3
399 202 3
399 204 1
399 210 3
399 225 1
399 235 2
399 237 2
399 248 3
399 257 3
399 272 3
399 273 4
399 275 2
399 276 3
399 280 2
399 282 2
399 294 2
399 302 3
399 312 2
399 315 1
399 316 2
399 318 4
399 321 3
399 322 2
399 328 4
399 357 2
399 365 2
399 371 2
399 385 2
399 404 2
399 430 2
399 435 2
399 451 2
399 462 2
399 471 3
399 478 2
399 481 2
399 484 2
399 485 2
399 486 2
399 493 2
399 499 2
399 501 2
399 507 2
399 508 3
399 509 2
399 511 2
399 515 2
399 519 2
399 520 2
399 527 2
399 528 2
399 535 2
399 553 2
399 566 2
399 582 2
399 603 2
399 604 3
399 609 1
399 630 2
399 632 2
399 638 4
399 651 2
399 654 2
399 655 2
399 659 2
399 661 2
399 684 2
399 707 2
399 724 2
399 735 2
399 748 1
399 762 2
399 815 2
399 866 2
399 892 2
400 1 4
400 9 5
400 10 5
400 13 5
400 16 4
400 19 5
400 25 4
400 42 4
400 48 4
400 50 4
400 96 5
400 111 4
400 116 3
400 117 5
400 124 5
400 126 4
400 127 4
400 135 5
400 151 4
400 182 5
400 204 5
400 222 5
400 234 5
400 237 4
400 245 4
400 255 3
400 273 5
400 276 4
400 286 4
400 455 4
400 471 5
400 475 5
400 476 3
400 480 5
400 483 5
400 511 5
400 529 5
400 591 4
400 628 4
400 696 4
400 764 3
