201 1 5
201 111 3
201 283 4
201 291 4
201 305 4
201 361 4
201 475 5
201 740 1
202 259 5
202 288 3
202 294 3
202 682 3
202 876 4
202 880 5
202 887 1
202 895 5
202 948 4
203 7 5
203 9 4
203 111 5
203 118 5
203 121 5
203 123 2
203 127 5
203 129 1
203 148 4
203 181 3
203 222 3
203 235 5
203 240 4
203 258 3
203 274 5
203 276 4
203 284 4
203 291 2
203 370 3
203 410 4
203 471 5
203 472 5
203 477 3
203 515 1
203 546 5
203 597 5
203 748 5
203 845 3
203 864 3
203 866 4
203 925 3
203 928 1
204 22 3
204 66 2
204 243 5
204 245 3
204 258 5
204 259 3
204 269 3
204 270 3
204 289 3
204 294 3
204 300 3
204 302 3
204 307 4
204 310 3
204 313 3
204 323 3
204 327 5
204 328 3
204 332 5
204 333 3
204 342 3
204 343 3
204 348 3
204 689 1
204 690 3
204 748 3
204 754 3
204 879 2
204 892 3
204 901 5
205 2 2
205 5 3
205 8 3
205 11 4
205 12 3
205 22 2
205 23 3
205 28 3
205 29 3
205 30 3
205 31 3
205 32 3
205 33 1
205 37 5
205 38 4
205 39 2
205 41 5
205 42 1
205 43 3
205 45 3
205 47 2
205 48 3
205 49 3
205 50 3
205 51 3
205 52 3
205 53 5
205 55 2
205 56 5
205 57 3
205 58 2
205 60 3
205 61 3
205 62 3
205 63 1
205 64 3
205 66 2
205 67 5
205 68 5
205 70 3
205 71 3
205 72 3
205 73 4
205 75 3
205 76 3
205 77 5
205 78 5
205 80 3
205 81 3
205 82 3
205 83 5
205 85 3
205 87 3
205 88 3
205 90 4
205 91 3
205 92 4
205 94 4
205 96 5
205 97 3
205 98 3
205 101 3
205 102 2
205 127 4
205 132 3
205 135 5
205 139 3
205 141 1
205 142 3
205 143 3
205 149 3
205 161 3
205 168 3
205 169 3
205 171 3
205 172 4
205 173 5
205 175 5
205 178 3
205 179 5
205 180 5
205 183 5
205 184 3
205 185 3
205 186 2
205 188 3
205 189 3
205 190 2
205 192 2
205 193 2
205 195 4
205 197 3
205 198 3
205 199 3
205 200 5
205 201 5
205 202 3
205 204 3
205 206 3
205 207 3
205 208 1
205 210 3
205 211 3
205 212 3
205 214 1
205 215 3
205 216 5
205 217 5
205 218 5
205 219 5
205 226 3
205 227 2
205 228 4
205 229 3
205 230 3
205 231 4
205 232 4
205 233 2
205 234 3
205 239 3
205 265 3
205 288 5
205 302 3
205 308 2
205 317 1
205 318 3
205 347 1
205 350 3
205 351 5
205 356 3
205 361 3
205 364 5
205 365 5
205 366 3
205 367 4
205 371 1
205 374 3
205 376 2
205 377 5
205 379 4
205 383 5
205 384 1
205 386 4
205 387 2
205 388 3
205 391 3
205 393 4
205 395 5
205 396 3
205 397 3
205 399 3
205 400 5
205 402 4
205 403 4
205 404 3
205 414 3
205 415 1
205 416 4
205 417 1
205 419 3
205 420 3
205 421 5
205 422 3
205 423 3
205 426 3
205 427 3
205 430 3
205 431 5
205 432 1
205 433 3
205 434 3
205 437 5
205 438 5
205 439 5
205 440 5
205 441 5
205 442 5
205 444 3
205 446 3
205 447 5
205 448 5
205 449 4
205 450 5
205 451 4
205 452 4
205 453 5
205 461 3
205 462 2
205 463 3
205 464 3
205 465 3
205 467 3
205 469 3
205 470 3
205 480 5
205 482 3
205 501 3
205 504 4
205 509 3
205 510 3
205 511 1
205 514 3
205 515 1
205 516 3
205 517 3
205 518 3
205 519 3
205 520 3
205 521 3
205 522 3
205 523 2
205 524 3
205 525 3
205 526 5
205 527 2
205 528 3
205 529 3
205 530 3
205 536 3
205 537 3
205 540 1
205 541 3
205 543 3
205 545 3
205 548 3
205 549 3
205 551 5
205 552 3
205 553 1
205 554 4
205 555 3
205 556 3
205 557 3
205 558 5
205 559 5
205 560 3
205 561 5
205 562 3
205 563 5
205 564 5
205 565 5
205 566 3
205 567 5
205 568 3
205 569 3
205 570 3
205 573 3
205 574 3
205 575 3
205 577 3
205 578 2
205 579 3
205 580 3
205 581 3
205 583 3
205 584 3
205 585 3
205 586 3
205 588 3
205 592 3
205 593 3
205 606 3
205 622 3
205 623 3
205 624 3
205 625 2
205 626 3
205 627 3
205 639 3
205 642 3
205 643 3
205 644 3
205 645 3
205 647 3
205 648 3
205 649 3
205 650 5
205 651 3
205 652 3
205 653 3
205 654 1
205 655 3
205 656 3
205 659 3
205 661 3
205 662 3
205 664 3
205 666 3
205 667 5
205 669 5
205 670 3
205 671 3
205 673 3
205 674 1
205 675 3
205 679 2
205 684 2
205 692 5
205 694 3
205 695 3
205 697 3
205 699 3
205 700 3
205 702 1
205 707 3
205 708 3
205 710 1
205 712 3
205 714 3
205 715 3
205 716 3
205 719 3
205 720 5
205 721 3
205 722 3
205 723 3
205 726 3
205 727 3
205 728 3
205 729 1
205 731 3
205 732 3
205 734 3
205 736 1
205 739 2
205 745 3
205 746 3
205 747 3
205 753 3
205 755 5
205 759 1
205 761 3
205 765 3
205 768 1
205 769 3
205 770 3
205 771 3
205 772 5
205 773 5
205 774 1
205 775 3
205 776 3
205 777 3
205 778 3
205 779 3
205 780 4
205 782 3
205 783 3
205 784 5
205 785 1
205 786 3
205 787 3
205 788 5
205 789 3
205 790 2
205 791 3
205 793 3
205 794 3
205 795 1
205 796 3
205 798 3
205 802 3
205 807 5
205 808 3
205 810 3
205 812 1
205 816 5
205 842 2
205 843 3
205 849 5
205 851 3
205 853 3
205 854 5
205 855 3
205 858 5
205 859 5
205 860 5
205 861 3
205 904 3
205 921 3
205 939 1
205 941 3
205 943 3
205 944 3
205 946 3
205 947 3
205 949 3
205 951 3
205 953 3
205 955 3
205 956 4
205 957 3
205 959 1
205 960 3
205 964 3
205 969 3
205 971 3
205 994 3
205 996 3
205 997 5
205 999 3
206 1 4
206 3 4
206 4 4
206 5 4
206 7 4
206 8 4
206 10 4
206 11 4
206 12 4
206 13 4
206 14 4
206 15 4
206 20 4
206 22 4
206 24 4
206 25 4
206 28 4
206 32 4
206 39 4
206 40 4
206 42 4
206 47 4
206 48 4
206 50 4
206 52 4
206 53 4
206 58 4
206 63 4
206 64 4
206 69 4
206 71 4
206 72 4
206 79 4
206 85 4
206 86 4
206 87 4
206 89 4
206 92 4
206 93 4
206 96 4
206 99 4
206 115 4
206 117 4
206 121 4
206 123 4
206 125 4
206 127 4
206 129 4
206 131 4
206 132 4
206 133 4
206 134 4
206 135 4
206 136 4
206 143 4
206 148 4
206 151 4
206 152 4
206 153 4
206 156 4
206 158 4
206 164 4
206 168 4
206 170 4
206 172 4
206 173 4
206 174 4
206 175 4
206 179 4
206 181 4
206 182 4
206 183 4
206 186 4
206 187 4
206 188 4
206 190 4
206 191 4
206 194 4
206 195 4
206 196 4
206 198 4
206 199 4
206 202 4
206 203 4
206 204 4
206 206 4
206 209 4
206 211 4
206 212 4
206 213 4
206 215 4
206 218 4
206 219 4
206 220 4
206 222 4
206 228 4
206 234 4
206 235 4
206 237 4
206 238 4
206 239 4
206 240 4
206 274 4
206 275 4
206 276 4
206 277 4
206 284 4
206 289 4
206 317 4
206 318 4
206 357 4
206 368 4
206 381 4
206 396 4
206 404 4
206 405 4
206 410 4
206 411 4
206 414 4
206 418 4
206 419 4
206 420 4
206 421 4
206 427 4
206 428 4
206 429 4
206 430 4
206 431 4
206 434 4
206 435 4
206 436 4
206 443 4
206 447 4
206 451 4
206 452 4
206 453 4
206 461 4
206 463 4
206 468 4
206 469 4
206 474 4
206 476 4
206 478 4
206 479 4
206 481 4
206 482 4
206 485 4
206 487 4
206 490 4
206 496 4
206 498 4
206 499 4
206 501 4
206 503 4
206 504 4
206 505 4
206 508 4
206 509 4
206 511 4
206 514 4
206 515 4
206 517 4
206 519 4
206 520 4
206 523 4
206 524 4
206 526 4
206 527 4
206 528 4
206 529 4
206 543 4
206 559 4
206 561 4
206 573 4
206 575 4
206 582 4
206 588 4
206 589 4
206 591 4
206 596 4
206 605 4
206 606 4
206 607 4
206 608 4
206 610 4
206 611 4
206 612 4
206 624 4
206 632 4
206 633 4
206 634 4
206 638 4
206 639 4
206 640 4
206 641 4
206 642 4
206 645 4
206 647 4
206 651 4
206 652 4
206 655 4
206 662 4
206 663 4
206 664 4
206 665 4
206 672 4
206 675 4
206 692 4
206 693 4
206 699 4
206 701 4
206 705 4
206 712 4
206 713 4
206 715 4
206 727 4
206 732 4
206 735 4
206 737 4
206 745 4
206 746 4
206 747 4
206 756 4
206 769 4
206 772 4
206 787 4
206 813 4
206 823 4
206 825 4
206 826 4
206 831 4
206 845 4
206 919 4
206 923 4
206 942 4
206 945 4
206 960 4
206 962 4
207 1 3
207 2 1
207 8 2
207 25 3
207 28 3
207 29 4
207 40 2
207 45 3
207 50 5
207 56 3
207 62 4
207 68 4
207 69 5
207 70 3
207 72 2
207 82 5
207 88 3
207 89 5
207 91 3
207 96 3
207 97 4
207 98 5
207 99 2
207 100 3
207 118 5
207 123 3
207 127 3
207 132 3
207 135 3
207 143 3
207 144 4
207 147 5
207 157 3
207 158 3
207 159 3
207 161 3
207 163 1
207 172 3
207 173 3
207 174 3
207 177 3
207 179 2
207 180 2
207 181 5
207 182 5
207 183 5
207 185 3
207 186 3
207 188 2
207 193 2
207 196 5
207 197 3
207 200 5
207 201 2
207 202 3
207 203 3
207 205 2
207 208 2
207 209 3
207 211 4
207 214 2
207 215 5
207 216 5
207 217 2
207 218 3
207 222 3
207 223 3
207 226 2
207 227 5
207 228 5
207 229 5
207 230 5
207 231 5
207 232 2
207 235 3
207 238 4
207 239 3
207 244 3
207 248 2
207 249 3
207 250 3
207 255 4
207 257 5
207 258 3
207 265 4
207 269 3
207 274 5
207 286 3
207 289 3
207 290 4
207 291 2
207 313 5
207 315 1
207 316 3
207 345 3
207 357 5
207 371 1
207 382 3
207 385 3
207 393 4
207 399 3
207 400 3
207 403 4
207 405 3
207 416 3
207 418 2
207 423 5
207 427 4
207 428 3
207 432 4
207 433 4
207 436 3
207 447 3
207 448 1
207 449 1
207 455 3
207 466 3
207 476 5
207 478 3
207 479 2
207 483 4
207 484 3
207 493 3
207 496 3
207 502 3
207 508 3
207 510 3
207 514 4
207 521 3
207 525 3
207 559 2
207 561 3
207 565 3
207 603 3
207 616 3
207 629 3
207 635 2
207 642 3
207 648 3
207 655 3
207 656 3
207 657 1
207 660 1
207 675 2
207 684 3
207 705 1
207 710 3
207 712 3
207 715 1
207 729 2
207 732 4
207 746 3
207 755 3
207 756 2
207 785 3
207 844 3
207 859 5
207 869 3
207 879 1
207 949 3
207 969 2
207 972 3
207 993 3
208 258 4
208 270 3
208 271 5
208 286 4
208 288 4
208 294 4
208 300 4
208 312 3
208 313 5
208 319 5
208 324 4
208 358 5
208 539 3
208 683 5
208 689 3
209 6 4
209 8 5
209 9 4
209 14 3
209 22 4
209 23 2
209 28 4
209 30 4
209 48 1
209 50 4
209 58 3
209 59 4
209 60 4
209 65 1
209 87 1
209 89 4
209 97 5
209 98 4
209 99 4
209 100 4
209 133 4
209 135 4
209 154 3
209 156 2
209 162 2
209 166 4
209 170 1
209 172 4
209 173 4
209 175 4
209 179 3
209 181 4
209 186 5
209 187 3
209 191 4
209 192 4
209 195 4
209 197 3
209 199 3
209 200 5
209 201 5
209 202 4
209 203 4
209 204 4
209 205 4
209 207 1
209 209 4
209 210 4
209 213 3
209 214 3
209 216 4
209 223 4
209 264 4
209 266 5
209 270 3
209 275 5
209 276 4
209 283 5
209 285 2
209 286 4
209 288 4
209 300 4
209 303 5
209 318 4
209 321 4
209 322 5
209 325 5
209 327 4
209 339 3
209 343 4
209 357 4
209 367 5
209 381 4
209 382 3
209 404 2
209 427 3
209 428 1
209 429 4
209 430 2
209 433 5
209 435 5
209 461 4
209 474 3
209 478 2
209 479 2
209 480 3
209 481 4
209 482 1
209 483 4
209 484 4
209 485 4
209 486 4
209 489 4
209 491 4
209 493 4
209 496 5
209 497 4
209 498 1
209 504 2
209 505 4
209 514 4
209 516 4
209 518 2
209 520 4
209 523 2
209 526 3
209 527 4
209 528 1
209 530 4
209 604 4
209 606 4
209 607 4
209 608 4
209 609 2
209 615 4
209 618 4
209 631 2
209 633 4
209 647 4
209 654 1
209 659 1
209 661 4
209 664 4
209 676 3
209 680 4
209 684 4
209 708 1
209 709 4
209 714 4
209 733 4
209 749 4
209 855 4
209 877 5
209 879 4
209 937 4
209 945 4
209 965 4
209 995 4
210 286 3
210 289 4
210 300 3
210 312 2
210 313 5
210 315 3
210 316 3
210 328 3
210 340 4
210 347 1
210 354 3
210 538 1
210 690 4
210 748 5
210 754 3
210 873 5
210 882 3
210 886 3
210 905 3
211 1 3
211 4 4
211 9 5
211 22 3
211 28 3
211 50 3
211 56 3
211 58 1
211 73 1
211 88 3
211 117 3
211 161 3
211 168 4
211 172 4
211 181 3
211 182 3
211 186 3
211 195 3
211 196 3
211 208 1
211 209 4
211 210 5
211 222 3
211 227 5
211 228 5
211 229 5
211 230 4
211 265 3
211 304 1
211 405 3
211 435 3
211 449 1
211 451 4
211 485 3
211 566 2
211 568 3
211 651 1
211 655 3
211 709 4
211 720 3
211 732 3
211 770 2
212 4 4
212 7 5
212 23 3
212 24 5
212 28 5
212 56 5
212 64 5
212 81 1
212 92 2
212 96 5
212 114 4
212 117 5
212 135 5
212 150 5
212 154 4
212 172 4
212 173 4
212 175 5
212 182 5
212 186 5
212 193 4
212 202 5
212 206 4
212 211 5
212 218 5
212 318 4
212 340 5
212 357 4
212 408 4
212 436 4
212 480 3
212 487 4
212 526 3
212 634 4
212 651 3
212 684 4
212 724 4
213 7 4
213 9 4
213 14 4
213 50 4
213 124 4
213 147 4
213 181 4
213 222 4
213 236 4
213 245 4
213 250 4
213 255 4
213 257 4
213 258 4
213 260 4
213 270 4
213 275 4
213 286 4
213 297 4
213 300 4
213 301 4
213 302 4
213 303 4
213 306 4
213 326 4
213 328 4
213 332 4
213 471 4
213 508 4
213 628 4
213 690 4
213 877 4
214 258 5
214 260 5
214 264 3
214 294 4
214 300 4
214 301 4
214 310 3
214 325 5
214 343 5
214 346 2
214 678 5
214 748 5
215 56 5
215 154 3
215 195 4
215 243 5
215 269 4
215 322 4
215 323 4
215 328 4
215 479 3
215 480 4
215 531 2
215 748 4
216 1 3
216 2 1
216 7 3
216 8 2
216 9 3
216 10 3
216 11 3
216 12 5
216 13 3
216 14 2
216 21 4
216 22 3
216 24 4
216 25 3
216 27 3
216 28 3
216 29 4
216 31 1
216 32 1
216 36 3
216 38 4
216 41 3
216 42 2
216 43 3
216 44 3
216 49 3
216 50 3
216 51 2
216 53 3
216 54 2
216 56 3
216 58 2
216 64 3
216 65 3
216 66 2
216 67 2
216 69 4
216 70 3
216 71 3
216 73 1
216 77 4
216 81 3
216 82 5
216 83 2
216 85 3
216 86 5
216 87 1
216 88 3
216 90 4
216 92 3
216 93 2
216 94 1
216 97 5
216 98 5
216 105 4
216 106 1
216 107 3
216 117 3
216 121 3
216 123 4
216 125 3
216 126 3
216 127 3
216 132 3
216 133 3
216 134 1
216 136 5
216 137 1
216 140 5
216 142 5
216 143 3
216 144 3
216 148 4
216 154 2
216 155 5
216 156 1
216 157 3
216 158 3
216 159 3
216 168 3
216 172 5
216 174 5
216 176 5
216 178 3
216 181 3
216 182 3
216 183 3
216 185 4
216 187 1
216 191 3
216 194 3
216 195 5
216 196 3
216 197 3
216 199 1
216 200 2
216 202 3
216 203 2
216 204 3
216 209 1
216 210 5
216 211 3
216 213 2
216 215 4
216 216 3
216 217 2
216 219 2
216 220 5
216 225 5
216 226 2
216 230 5
216 234 3
216 237 3
216 238 3
216 239 2
216 240 4
216 241 3
216 242 3
216 245 3
216 246 2
216 249 1
216 250 2
216 251 3
216 252 3
216 253 3
216 254 1
216 257 3
216 258 3
216 259 3
216 264 2
216 266 3
216 268 3
216 272 3
216 274 3
216 275 3
216 276 3
216 277 3
216 281 4
216 283 1
216 284 5
216 285 1
216 286 3
216 287 3
216 288 5
216 289 3
216 294 5
216 295 1
216 297 3
216 298 5
216 301 3
216 304 2
216 307 2
216 312 1
216 313 3
216 315 1
216 316 3
216 317 3
216 318 3
216 319 3
216 322 3
216 323 3
216 326 2
216 327 3
216 328 3
216 329 3
216 331 4
216 332 4
216 333 3
216 338 2
216 339 1
216 346 3
216 347 1
216 348 3
216 354 2
216 356 1
216 357 3
216 364 3
216 366 3
216 367 4
216 369 5
216 375 3
216 378 3
216 385 3
216 388 3
216 393 3
216 395 3
216 396 3
216 399 1
216 401 2
216 402 3
216 403 3
216 404 1
216 405 3
216 411 3
216 412 4
216 416 2
216 417 2
216 418 2
216 419 4
216 423 3
216 425 3
216 427 3
216 431 3
216 432 2
216 433 4
216 443 2
216 448 3
216 451 1
216 452 2
216 462 4
216 463 3
216 468 3
216 469 3
216 471 3
216 472 5
216 473 3
216 475 3
216 476 5
216 479 1
216 480 1
216 496 3
216 498 3
216 500 3
216 501 4
216 506 3
216 509 1
216 515 1
216 526 3
216 531 3
216 532 3
216 538 3
216 546 3
216 549 3
216 553 2
216 554 2
216 559 3
216 560 3
216 564 5
216 568 5
216 576 2
216 578 3
216 585 3
216 588 2
216 591 2
216 592 3
216 607 3
216 614 3
216 619 3
216 625 3
216 627 3
216 628 3
216 633 2
216 651 1
216 652 3
216 657 3
216 658 3
216 660 1
216 662 3
216 676 3
216 678 3
216 682 1
216 684 2
216 685 4
216 686 3
216 689 3
216 690 3
216 692 4
216 693 3
216 696 3
216 699 3
216 707 2
216 708 3
216 710 3
216 712 3
216 713 3
216 717 4
216 720 3
216 721 1
216 723 3
216 724 3
216 729 3
216 734 3
216 735 3
216 737 5
216 738 3
216 739 4
216 746 3
216 747 3
216 748 3
216 750 3
216 754 3
216 755 3
216 761 3
216 762 3
216 763 4
216 768 1
216 770 3
216 775 4
216 778 3
216 781 3
216 783 3
216 785 3
216 790 3
216 792 3
216 794 3
216 795 3
216 803 3
216 807 3
216 812 1
216 815 5
216 819 1
216 821 2
216 824 3
216 833 3
216 834 1
216 840 2
216 842 3
216 843 3
216 845 3
216 849 3
216 864 5
216 865 3
216 866 5
216 873 4
216 874 3
216 879 3
216 895 1
216 915 3
216 916 3
216 917 3
216 918 3
216 928 2
216 929 2
216 930 5
216 931 5
216 934 4
216 936 3
216 937 3
216 938 3
216 941 5
216 955 3
216 959 3
216 966 3
216 972 3
216 975 3
216 980 3
216 985 3
216 990 3
216 997 5
217 1 5
217 3 1
217 5 3
217 7 3
217 11 3
217 12 3
217 13 5
217 15 5
217 16 3
217 17 1
217 20 5
217 23 1
217 24 5
217 27 3
217 29 3
217 32 3
217 39 1
217 42 2
217 44 3
217 47 2
217 50 3
217 51 3
217 55 3
217 56 5
217 58 3
217 62 3
217 63 3
217 64 3
217 65 2
217 67 2
217 68 3
217 69 5
217 70 3
217 72 2
217 73 3
217 77 4
217 78 3
217 79 3
217 80 4
217 81 3
217 82 3
217 83 1
217 89 3
217 91 1
217 95 3
217 96 3
217 97 3
217 98 5
217 99 1
217 100 3
217 101 3
217 106 3
217 109 5
217 118 5
217 120 5
217 123 4
217 125 3
217 127 3
217 131 5
217 132 3
217 135 5
217 139 1
217 142 3
217 144 3
217 145 5
217 147 4
217 154 4
217 157 3
217 159 3
217 162 2
217 164 3
217 167 3
217 169 3
217 171 3
217 172 4
217 173 3
217 174 3
217 176 4
217 178 1
217 179 1
217 181 5
217 183 4
217 184 1
217 186 3
217 190 3
217 195 5
217 196 4
217 198 3
217 200 3
217 201 3
217 202 3
217 206 3
217 207 3
217 208 2
217 211 3
217 214 1
217 216 3
217 217 3
217 218 2
217 219 3
217 222 3
217 223 3
217 226 4
217 228 3
217 232 3
217 234 3
217 235 3
217 242 3
217 245 5
217 246 3
217 248 2
217 250 2
217 255 2
217 257 3
217 258 3
217 260 5
217 264 1
217 265 2
217 270 3
217 273 3
217 286 3
217 288 5
217 290 2
217 293 3
217 294 3
217 298 5
217 323 3
217 324 4
217 325 4
217 326 3
217 340 5
217 357 4
217 358 3
217 364 3
217 367 3
217 373 3
217 380 3
217 382 2
217 384 3
217 385 4
217 386 4
217 388 3
217 391 3
217 392 3
217 393 2
217 395 2
217 396 1
217 399 3
217 402 1
217 403 4
217 404 3
217 413 5
217 419 3
217 420 3
217 422 3
217 423 3
217 425 1
217 428 3
217 431 1
217 433 3
217 436 3
217 441 3
217 444 5
217 447 3
217 449 3
217 451 2
217 452 1
217 461 3
217 465 3
217 472 4
217 474 1
217 475 3
217 483 3
217 484 3
217 485 3
217 498 3
217 501 2
217 508 3
217 513 3
217 518 3
217 541 4
217 544 3
217 545 3
217 546 3
217 550 1
217 551 2
217 552 3
217 555 3
217 559 4
217 561 3
217 562 3
217 563 3
217 574 3
217 578 3
217 579 3
217 582 1
217 588 3
217 596 5
217 597 5
217 614 3
217 616 1
217 625 3
217 628 2
217 631 2
217 636 3
217 638 3
217 640 3
217 642 2
217 655 2
217 658 3
217 665 1
217 668 3
217 669 3
217 674 3
217 679 3
217 684 2
217 685 4
217 692 5
217 708 3
217 709 3
217 710 3
217 715 1
217 723 3
217 725 3
217 727 3
217 728 3
217 732 2
217 742 3
217 746 3
217 747 3
217 748 3
217 758 5
217 762 2
217 764 1
217 765 3
217 767 2
217 769 3
217 774 1
217 778 3
217 781 3
217 783 3
217 792 5
217 796 3
217 797 3
217 800 3
217 804 3
217 809 3
217 810 3
217 815 1
217 825 1
217 827 3
217 831 5
217 849 2
217 855 3
217 871 5
217 895 2
217 923 3
217 928 1
217 940 3
217 943 3
217 944 3
217 946 3
217 963 3
217 979 3
217 999 3
217 1000 3
218 269 5
218 302 3
218 304 2
218 315 3
218 328 3
218 331 2
218 333 4
218 344 3
218 346 1
218 362 3
218 750 3
218 895 4
218 899 3
219 14 3
219 79 4
219 89 4
219 100 4
219 134 3
219 173 5
219 181 4
219 223 4
219 257 4
219 275 4
219 286 4
219 306 4
219 405 4
219 478 1
219 488 4
219 514 3
220 19 1
220 86 4
220 100 4
220 116 3
220 137 3
220 251 4
220 275 4
220 301 4
220 302 4
220 319 3
220 331 5
220 408 4
220 478 1
220 484 1
220 508 4
220 513 4
220 603 4
220 750 1
220 753 4
221 4 3
221 7 4
221 11 4
221 12 5
221 50 4
221 56 4
221 82 5
221 87 1
221 96 5
221 100 4
221 117 4
221 124 4
221 127 4
221 129 1
221 144 4
221 156 2
221 164 2
221 174 4
221 175 4
221 176 4
221 182 4
221 183 4
221 185 5
221 187 3
221 194 5
221 200 5
221 213 4
221 218 4
221 234 5
221 238 5
221 302 4
221 333 4
221 443 4
221 448 2
221 466 4
221 516 4
221 517 2
221 603 4
221 653 4
221 657 1
221 672 4
221 709 4
221 879 3
221 914 5
221 915 4
222 1 3
222 5 3
222 15 3
222 50 3
222 53 4
222 93 3
222 98 3
222 100 3
222 109 4
222 117 3
222 124 4
222 126 3
222 127 3
222 129 3
222 137 1
222 151 5
222 181 3
222 184 2
222 200 3
222 201 4
222 217 2
222 219 3
222 222 3
222 235 3
222 250 3
222 257 3
222 258 3
222 260 5
222 270 2
222 275 3
222 276 3
222 286 3
222 287 3
222 288 3
222 293 3
222 294 3
222 299 3
222 307 4
222 324 5
222 325 4
222 326 1
222 327 3
222 334 1
222 358 5
222 370 5
222 379 1
222 396 1
222 410 3
222 436 3
222 447 3
222 448 3
222 452 1
222 458 3
222 475 3
222 477 3
222 515 2
222 551 5
222 558 2
222 559 4
222 561 1
222 590 5
222 665 4
222 670 3
222 671 3
222 672 5
222 682 5
222 919 3
222 922 3
222 926 3
223 15 3
223 127 3
223 148 4
223 237 3
223 245 5
223 258 3
223 269 3
223 272 2
223 276 3
223 282 5
223 286 3
223 299 3
223 300 3
223 302 3
223 304 1
223 307 5
223 310 1
223 313 3
223 315 3
223 322 5
223 323 5
223 326 2
223 327 3
223 328 5
223 329 1
223 333 3
223 340 3
223 344 3
223 347 3
223 348 3
223 355 3
223 471 4
223 546 3
223 591 2
223 628 3
223 678 3
223 689 3
223 690 1
223 696 3
223 744 3
223 748 5
223 751 5
223 754 3
223 823 2
223 879 2
223 898 3
224 1 4
224 9 4
224 15 5
224 25 4
224 50 5
224 115 4
224 127 4
224 151 4
224 172 4
224 243 5
224 261 5
224 275 5
224 288 4
224 294 4
224 310 4
224 323 5
224 333 4
224 427 3
224 435 5
224 508 4
224 538 5
224 689 5
224 740 3
224 882 3
224 989 4
225 1 5
225 2 1
225 7 3
225 17 3
225 22 3
225 24 5
225 32 3
225 39 2
225 53 4
225 55 3
225 56 5
225 62 2
225 68 3
225 79 5
225 82 3
225 83 2
225 98 3
225 100 5
225 117 3
225 118 3
225 121 3
225 124 3
225 127 5
225 144 3
225 145 5
225 147 3
225 156 2
225 171 3
225 172 3
225 174 3
225 176 3
225 177 3
225 178 3
225 180 2
225 183 3
225 185 4
225 187 2
225 188 2
225 191 5
225 195 3
225 198 3
225 200 3
225 201 3
225 204 3
225 207 3
225 209 4
225 210 3
225 218 2
225 219 3
225 222 3
225 227 5
225 229 5
225 230 4
225 231 4
225 232 2
225 234 5
225 241 2
225 244 5
225 252 2
225 257 3
225 259 3
225 271 4
225 272 3
225 273 3
225 281 3
225 286 3
225 288 3
225 289 3
225 298 5
225 302 3
225 305 1
225 307 3
225 310 3
225 313 3
225 316 3
225 318 4
225 322 4
225 323 5
225 324 3
225 325 3
225 327 3
225 333 3
225 338 2
225 340 3
225 343 3
225 346 1
225 355 3
225 357 3
225 358 5
225 362 3
225 363 3
225 379 3
225 385 4
225 398 3
225 424 3
225 429 3
225 445 1
225 447 3
225 448 3
225 452 2
225 474 3
225 475 3
225 491 3
225 515 1
225 520 3
225 522 3
225 529 3
225 538 3
225 550 2
225 562 3
225 566 1
225 573 3
225 576 1
225 583 3
225 590 5
225 597 3
225 636 3
225 669 3
225 670 3
225 675 3
225 678 3
225 679 1
225 686 3
225 689 2
225 690 2
225 748 5
225 750 3
225 751 5
225 759 3
225 823 1
225 825 3
225 831 4
225 841 3
225 853 3
225 877 4
225 879 3
225 895 3
225 912 3
225 943 3
225 976 3
226 23 3
226 50 3
226 98 3
226 99 2
226 132 5
226 133 3
226 134 1
226 135 4
226 168 4
226 174 3
226 178 1
226 182 4
226 185 4
226 191 5
226 194 3
226 196 3
226 197 3
226 199 2
226 200 4
226 208 2
226 211 4
226 318 4
226 332 3
226 418 3
226 428 3
226 429 3
226 430 3
226 435 3
226 474 2
226 478 3
226 480 2
226 483 3
226 486 3
226 488 1
226 490 3
226 491 3
226 492 3
226 493 3
226 494 3
226 504 1
226 505 3
226 510 1
226 511 1
226 524 3
226 525 3
226 526 2
226 601 3
226 603 2
226 605 3
226 606 3
226 608 3
226 610 3
226 613 3
226 614 3
226 616 3
226 631 3
226 633 3
226 646 3
226 648 3
226 651 2
226 653 3
226 654 1
226 655 3
226 657 3
226 673 3
226 705 3
226 754 3
226 835 3
226 836 2
226 848 3
227 245 5
227 263 2
227 292 2
227 300 5
227 302 5
227 303 4
227 304 2
227 328 4
227 359 2
227 680 2
227 681 4
227 682 5
227 688 5
227 874 4
227 937 4
227 938 3
227 989 2
227 990 2
228 243 5
228 259 5
228 272 2
228 286 3
228 289 5
228 294 3
228 300 3
228 301 3
228 305 3
228 307 4
228 312 3
228 316 3
228 322 5
228 323 3
228 326 4
228 329 3
228 331 3
228 332 3
228 334 3
228 338 4
228 340 5
228 343 3
228 344 3
228 347 2
228 350 3
228 690 3
228 750 1
228 875 3
228 877 3
228 879 3
228 886 3
228 896 3
228 988 5
229 1 5
229 2 2
229 3 3
229 4 4
229 7 3
229 8 5
229 12 3
229 15 5
229 21 5
229 22 3
229 23 3
229 24 5
229 26 3
229 28 3
229 31 3
229 32 1
229 45 3
229 48 3
229 50 5
229 52 3
229 53 2
229 55 2
229 56 5
229 58 4
229 62 3
229 63 2
229 64 3
229 66 2
229 68 4
229 69 3
229 70 3
229 72 3
229 73 2
229 77 4
229 79 3
229 81 3
229 82 3
229 83 2
229 85 3
229 86 1
229 87 1
229 88 3
229 89 3
229 90 4
229 91 3
229 92 3
229 93 3
229 95 5
229 96 3
229 97 5
229 101 3
229 109 4
229 114 3
229 117 5
229 118 3
229 123 5
229 124 3
229 127 3
229 128 3
229 132 3
229 133 3
229 134 2
229 137 3
229 140 4
229 141 3
229 143 3
229 144 4
229 150 1
229 151 3
229 154 2
229 157 2
229 159 1
229 161 3
229 162 1
229 163 1
229 164 3
229 165 3
229 166 3
229 168 3
229 170 3
229 172 3
229 174 3
229 178 2
229 179 2
229 181 5
229 183 3
229 184 1
229 185 5
229 186 4
229 188 3
229 190 1
229 191 5
229 193 2
229 195 5
229 197 2
229 201 5
229 202 3
229 203 3
229 207 3
229 208 2
229 209 3
229 210 3
229 211 4
229 214 3
229 216 3
229 218 3
229 219 5
229 223 3
229 225 5
229 229 4
229 232 4
229 233 2
229 237 3
229 238 3
229 248 3
229 249 1
229 250 4
229 258 3
229 264 3
229 265 3
229 273 3
229 274 3
229 275 3
229 276 3
229 277 3
229 280 3
229 281 5
229 282 3
229 283 2
229 288 5
229 290 5
229 291 1
229 298 2
229 301 3
229 318 4
229 319 3
229 321 3
229 338 2
229 340 5
229 356 2
229 365 3
229 366 3
229 367 4
229 371 3
229 378 3
229 382 3
229 385 2
229 387 1
229 392 1
229 393 5
229 403 5
229 404 3
229 405 3
229 410 5
229 411 3
229 415 3
229 418 3
229 419 5
229 423 3
229 427 3
229 428 3
229 430 1
229 431 3
229 432 3
229 435 3
229 436 3
229 441 3
229 448 2
229 455 5
229 457 3
229 464 3
229 466 3
229 467 3
229 468 3
229 470 3
229 473 4
229 475 3
229 480 3
229 481 3
229 482 2
229 483 3
229 484 3
229 485 2
229 491 3
229 493 3
229 495 3
229 496 2
229 499 3
229 500 3
229 502 3
229 504 1
229 505 3
229 508 5
229 511 2
229 514 3
229 520 3
229 527 4
229 531 1
229 535 3
229 537 3
229 546 3
229 549 3
229 550 1
229 559 2
229 566 4
229 568 5
229 569 1
229 570 3
229 578 3
229 581 3
229 584 3
229 591 4
229 602 3
229 603 4
229 611 3
229 625 3
229 627 1
229 628 3
229 629 3
229 631 2
229 633 3
229 635 3
229 636 1
229 640 3
229 642 1
229 652 1
229 654 2
229 655 5
229 658 3
229 662 2
229 665 5
229 671 3
229 672 3
229 673 3
229 679 3
229 684 5
229 686 3
229 692 4
229 693 3
229 700 3
229 702 3
229 705 2
229 708 3
229 709 3
229 710 3
229 726 3
229 729 1
229 732 4
229 735 3
229 742 5
229 744 1
229 747 2
229 755 1
229 756 5
229 761 3
229 762 4
229 763 4
229 768 1
229 780 3
229 794 3
229 804 3
229 805 3
229 820 5
229 826 5
229 833 3
229 845 5
229 847 3
229 921 3
229 941 3
229 944 3
229 961 3
229 967 3
229 972 3
230 9 3
230 10 3
230 12 3
230 19 3
230 42 2
230 50 3
230 56 5
230 98 5
230 100 3
230 101 1
230 117 5
230 124 3
230 129 3
230 137 2
230 148 3
230 152 3
230 165 3
230 181 5
230 221 3
230 222 5
230 237 3
230 248 2
230 253 3
230 258 3
230 264 3
230 273 3
230 276 4
230 286 3
230 288 5
230 293 3
230 294 3
230 318 4
230 328 4
230 462 3
230 514 2
230 515 2
230 527 4
230 528 3
230 547 4
230 628 2
230 656 3
230 674 3
230 744 2
231 245 3
231 286 3
231 302 3
231 322 4
231 323 5
231 327 4
231 358 4
231 689 1
231 748 5
231 879 2
231 988 5
232 1 5
232 3 2
232 7 5
232 50 3
232 93 2
232 100 3
232 108 3
232 109 3
232 111 5
232 117 3
232 118 3
232 121 5
232 123 2
232 150 3
232 151 5
232 181 3
232 222 3
232 237 5
232 248 1
232 249 3
232 250 3
232 257 3
232 258 3
232 284 2
232 294 5
232 300 5
232 315 1
232 322 3
232 405 5
232 410 5
232 411 3
232 471 4
232 508 3
232 546 5
232 620 3
232 628 1
232 678 3
232 742 4
232 763 3
232 815 3
232 844 2
232 845 3
232 864 5
232 871 2
233 50 3
233 59 3
233 60 3
233 95 4
233 173 3
233 174 3
233 246 3
233 268 3
233 269 5
233 273 5
233 276 3
233 293 3
233 294 3
233 302 3
233 323 5
233 325 4
233 326 3
233 333 5
233 358 4
233 435 3
233 474 2
233 507 3
233 657 1
233 682 2
233 690 4
233 748 3
233 754 3
233 919 3
234 7 5
234 9 4
234 111 4
234 125 5
234 147 4
234 148 3
234 220 3
234 225 4
234 237 4
234 274 5
234 275 5
234 283 3
234 288 4
234 347 2
234 406 5
234 471 5
234 476 5
234 477 2
234 546 4
234 628 3
234 743 2
234 756 5
234 763 5
234 815 2
234 819 4
234 833 2
234 928 2
234 975 4
235 1 5
235 3 4
235 4 3
235 5 3
235 7 5
235 9 3
235 11 3
235 12 3
235 15 3
235 21 4
235 22 3
235 23 2
235 24 5
235 25 3
235 27 1
235 28 3
235 29 3
235 31 3
235 38 3
235 40 2
235 42 2
235 45 3
235 49 3
235 50 3
235 52 3
235 54 2
235 62 2
235 63 3
235 64 4
235 67 3
235 68 3
235 69 3
235 71 4
235 72 3
235 73 1
235 80 5
235 81 1
235 82 5
235 83 3
235 85 3
235 86 3
235 89 4
235 90 4
235 96 4
235 100 3
235 105 4
235 108 2
235 109 3
235 111 3
235 115 3
235 117 5
235 118 3
235 121 3
235 122 5
235 123 4
235 125 3
235 128 1
235 132 4
235 135 3
235 136 3
235 141 3
235 148 2
235 151 5
235 152 3
235 153 4
235 154 3
235 156 1
235 157 1
235 159 3
235 160 3
235 161 5
235 162 3
235 163 3
235 164 3
235 167 3
235 168 4
235 171 3
235 172 3
235 173 5
235 174 5
235 175 4
235 176 3
235 182 2
235 183 4
235 184 3
235 185 4
235 186 3
235 187 1
235 188 3
235 190 1
235 191 3
235 195 3
235 196 5
235 199 2
235 200 4
235 204 3
235 206 3
235 211 5
235 214 1
235 215 3
235 216 5
235 217 3
235 218 3
235 219 4
235 222 3
235 225 4
235 226 3
235 227 4
235 228 5
235 229 4
235 230 4
235 234 5
235 239 3
235 240 5
235 245 3
235 246 2
235 250 4
235 252 1
235 254 3
235 255 3
235 257 3
235 258 3
235 260 4
235 264 3
235 273 3
235 284 5
235 290 4
235 291 2
235 294 3
235 299 4
235 300 3
235 307 3
235 313 5
235 317 2
235 318 3
235 321 5
235 327 3
235 331 5
235 338 4
235 343 5
235 351 5
235 354 3
235 358 5
235 367 4
235 369 5
235 376 3
235 380 3
235 381 3
235 382 2
235 384 3
235 385 3
235 386 3
235 392 1
235 393 4
235 394 3
235 399 3
235 402 4
235 403 4
235 404 3
235 410 5
235 411 5
235 413 5
235 423 3
235 424 2
235 431 2
235 433 2
235 434 3
235 435 3
235 436 3
235 443 3
235 447 1
235 448 1
235 451 5
235 455 5
235 462 3
235 465 3
235 470 1
235 473 4
235 476 5
235 520 3
235 541 3
235 542 2
235 546 3
235 550 1
235 554 4
235 561 3
235 562 3
235 566 2
235 567 5
235 568 5
235 569 3
235 571 3
235 572 3
235 573 3
235 576 2
235 577 3
235 584 3
235 587 3
235 588 2
235 597 3
235 616 3
235 625 1
235 628 3
235 631 3
235 637 3
235 640 2
235 649 3
235 652 2
235 655 3
235 659 1
235 665 4
235 672 2
235 673 3
235 674 1
235 675 3
235 679 1
235 684 3
235 693 3
235 696 3
235 697 3
235 710 1
235 713 3
235 715 3
235 717 4
235 720 1
235 729 2
235 732 3
235 743 3
235 746 3
235 748 3
235 751 4
235 752 5
235 756 4
235 760 5
235 762 3
235 780 4
235 781 2
235 786 3
235 790 3
235 792 3
235 797 3
235 800 3
235 820 5
235 821 3
235 825 3
235 826 4
235 831 4
235 834 4
235 841 1
235 845 3
235 862 3
235 890 5
235 895 3
235 924 5
235 926 5
235 928 1
235 929 3
235 943 3
235 944 3
235 961 3
235 977 3
235 983 3
236 21 5
236 23 4
236 26 4
236 38 5
236 39 2
236 43 3
236 47 3
236 65 1
236 66 4
236 72 4
236 73 3
236 83 3
236 90 4
236 92 2
236 95 3
236 96 5
236 98 4
236 102 1
236 111 4
236 125 5
236 127 4
236 132 5
236 133 3
236 157 2
236 159 1
236 161 5
236 168 4
236 172 4
236 174 4
236 179 5
236 182 5
236 186 4
236 200 4
236 204 4
236 215 5
236 216 4
236 217 5
236 218 4
236 226 4
236 238 4
236 265 4
236 276 4
236 287 3
236 288 5
236 325 5
236 327 4
236 340 4
236 347 4
236 367 4
236 381 2
236 392 2
236 400 5
236 411 5
236 433 3
236 441 5
236 447 3
236 454 4
236 503 4
236 504 1
236 506 4
236 537 4
236 546 4
236 553 5
236 559 4
236 568 5
236 581 4
236 585 4
236 595 5
236 628 5
236 642 2
236 649 4
236 655 4
236 658 4
236 708 1
236 710 2
236 715 4
236 723 4
236 739 4
236 742 4
236 746 4
236 748 5
236 761 4
236 762 4
236 763 5
236 785 2
236 787 4
236 790 2
236 794 4
236 821 4
236 845 4
236 895 4
236 974 4
237 5 1
237 11 5
237 12 4
237 14 3
237 28 5
237 30 4
237 42 2
237 47 3
237 51 3
237 56 5
237 58 3
237 65 2
237 69 5
237 70 5
237 77 5
237 79 4
237 82 5
237 83 4
237 86 2
237 87 1
237 88 4
237 89 4
237 90 4
237 91 4
237 95 4
237 97 5
237 98 4
237 99 3
237 111 4
237 116 2
237 118 5
237 124 4
237 131 3
237 132 4
237 133 4
237 134 2
237 137 3
237 143 5
237 144 4
237 145 5
237 151 4
237 154 3
237 155 5
237 161 5
237 162 3
237 165 4
237 166 4
237 168 5
237 173 5
237 174 4
237 176 5
237 179 3
237 181 4
237 183 5
237 185 5
237 186 5
237 190 1
237 191 5
237 195 4
237 197 3
237 204 4
237 207 4
237 208 3
237 211 5
237 212 3
237 213 3
237 214 2
237 216 4
237 217 3
237 218 4
237 219 3
237 229 5
237 234 5
237 237 4
237 238 5
237 239 1
237 244 4
237 253 4
237 254 4
237 265 5
237 275 5
237 276 4
237 281 5
237 283 3
237 286 4
237 287 1
237 288 4
237 292 1
237 301 5
237 318 4
237 378 4
237 381 1
237 387 3
237 393 5
237 402 5
237 404 3
237 412 5
237 415 1
237 418 4
237 419 4
237 421 1
237 423 5
237 428 4
237 432 4
237 433 4
237 435 4
237 436 4
237 447 2
237 450 5
237 451 4
237 463 4
237 466 4
237 473 4
237 478 1
237 480 3
237 482 2
237 483 4
237 484 4
237 485 4
237 496 5
237 497 4
237 499 4
237 501 4
237 507 4
237 512 4
237 514 3
237 517 4
237 518 4
237 521 2
237 523 2
237 559 4
237 566 4
237 581 4
237 582 4
237 583 4
237 584 4
237 588 4
237 603 3
237 607 4
237 614 4
237 629 1
237 640 1
237 642 1
237 651 3
237 652 2
237 654 1
237 655 3
237 657 2
237 658 4
237 660 4
237 663 1
237 665 5
237 672 4
237 674 1
237 683 3
237 684 4
237 692 5
237 696 4
237 697 4
237 698 4
237 699 4
237 702 4
237 705 1
237 708 4
237 709 4
237 710 2
237 727 4
237 730 4
237 732 4
237 736 1
237 737 3
237 739 4
237 746 4
237 747 1
237 748 4
237 753 4
237 755 3
237 770 4
237 778 4
237 781 2
237 794 4
237 812 2
237 842 4
237 843 4
237 946 4
237 955 4
237 969 4
238 1 5
238 9 5
238 21 5
238 50 5
238 100 3
238 118 5
238 121 3
238 181 3
238 220 3
238 237 3
238 245 5
238 269 4
238 280 3
238 321 5
238 471 4
238 476 5
238 815 2
238 845 2
239 7 1
239 13 3
239 93 3
239 100 2
239 121 3
239 125 5
239 147 5
239 237 1
239 240 5
239 242 1
239 257 3
239 273 3
239 276 4
239 282 4
239 285 3
239 288 3
239 293 3
239 300 2
239 301 4
239 405 3
239 475 3
240 70 4
240 86 3
240 198 4
240 242 4
240 243 5
240 271 5
240 272 4
240 283 5
240 300 4
240 310 5
240 312 2
240 319 4
240 323 4
240 328 5
240 329 4
240 340 5
240 350 4
240 512 4
240 515 5
240 582 2
240 690 5
240 750 4
240 886 4
240 904 4
240 921 3
240 937 4
240 971 4
240 988 4
241 1 3
241 9 3
241 15 4
241 25 3
241 121 3
241 288 3
241 313 4
241 342 3
241 405 3
241 751 5
242 7 2
242 11 3
242 12 4
242 17 4
242 22 2
242 26 2
242 27 2
242 31 2
242 33 1
242 38 4
242 39 2
242 41 5
242 42 2
242 44 2
242 53 5
242 54 4
242 55 2
242 56 2
242 62 2
242 64 2
242 68 3
242 79 2
242 82 2
242 100 2
242 117 2
242 129 2
242 144 2
242 150 2
242 154 2
242 156 1
242 159 2
242 161 2
242 168 2
242 174 2
242 176 2
242 177 1
242 182 2
242 184 2
242 186 2
242 195 2
242 203 3
242 204 4
242 209 2
242 210 2
242 217 5
242 219 5
242 226 2
242 228 2
242 229 5
242 230 2
242 231 5
242 234 2
242 240 5
242 273 2
242 276 2
242 281 3
242 286 2
242 288 2
242 294 2
242 318 2
242 342 2
242 350 4
242 367 3
242 385 2
242 401 5
242 403 3
242 410 5
242 436 2
242 449 1
242 452 1
242 482 2
242 508 2
242 546 2
242 550 2
242 554 5
242 559 4
242 569 2
242 572 3
242 578 1
242 591 1
242 628 2
242 635 5
242 636 5
242 665 5
242 672 3
242 684 4
242 685 2
242 695 2
242 710 2
242 746 2
242 769 2
242 780 5
242 800 5
242 810 2
242 834 2
242 873 5
242 943 2
242 975 2
242 979 2
242 988 5
243 258 5
243 271 5
243 286 4
243 309 3
243 313 5
243 323 4
243 340 3
243 358 4
243 678 5
243 687 5
244 9 4
244 50 4
244 100 4
244 245 5
244 258 4
244 271 5
244 300 5
244 313 4
244 515 4
244 678 5
244 748 5
244 916 4
245 7 2
245 9 4
245 12 2
245 28 2
245 50 2
245 55 2
245 64 3
245 79 5
245 87 2
245 117 5
245 118 2
245 121 5
245 123 2
245 127 2
245 144 2
245 147 4
245 150 2
245 174 2
245 181 5
245 195 4
245 203 2
245 204 2
245 208 1
245 209 2
245 221 2
245 235 5
245 245 5
245 246 2
245 248 1
245 268 1
245 273 2
245 276 4
245 291 3
245 295 2
245 302 2
245 310 1
245 313 4
245 324 4
245 325 3
245 330 2
245 333 2
245 340 3
245 346 2
245 405 5
245 408 2
245 460 5
245 475 2
245 479 1
245 480 2
245 504 2
245 544 1
245 591 3
245 595 3
245 597 5
245 603 3
245 628 3
245 644 2
245 689 2
245 742 5
245 744 2
245 748 5
245 752 2
245 762 2
245 763 4
245 818 2
245 823 1
245 829 2
245 831 5
245 840 2
245 844 2
245 845 3
245 871 5
245 881 5
245 886 2
245 895 5
245 908 5
245 919 2
245 959 2
245 979 2
246 268 2
246 269 4
246 270 2
246 286 2
246 288 2
246 292 2
246 294 2
246 302 4
246 303 3
246 306 2
246 311 2
246 326 2
246 328 5
246 332 3
246 688 4
246 748 2
246 754 2
246 880 2
246 883 2
246 887 2
246 888 1
247 1 5
247 5 4
247 7 5
247 9 5
247 17 4
247 27 3
247 28 4
247 31 2
247 55 3
247 56 5
247 65 3
247 68 3
247 69 5
247 70 5
247 85 4
247 89 4
247 96 4
247 98 5
247 100 5
247 111 5
247 117 5
247 123 4
247 135 4
247 144 5
247 147 4
247 148 4
247 150 3
247 151 5
247 153 5
247 156 2
247 157 1
247 158 1
247 174 5
247 176 4
247 180 3
247 183 4
247 204 4
247 206 4
247 209 4
247 218 5
247 222 5
247 227 5
247 231 5
247 233 2
247 234 4
247 248 3
247 252 5
247 258 4
247 260 5
247 281 5
247 284 5
247 286 5
247 288 5
247 290 4
247 293 4
247 298 3
247 300 5
247 367 4
247 405 5
247 410 5
247 435 4
247 447 2
247 470 3
247 483 4
247 484 4
247 498 1
247 544 3
247 546 5
247 559 5
247 582 3
247 591 2
247 597 5
247 629 4
247 642 4
247 678 4
247 742 4
247 748 4
247 760 3
247 815 3
247 823 3
247 845 4
247 866 5
247 879 4
247 926 5
247 963 4
247 981 4
248 262 3
248 268 3
248 269 5
248 271 5
248 292 1
248 301 4
248 303 2
248 304 1
248 305 3
248 307 5
248 316 3
248 321 5
248 327 3
248 333 4
248 338 5
248 344 3
248 345 3
248 360 5
248 750 1
248 884 3
248 887 3
248 902 3
249 9 3
249 15 5
249 59 3
249 60 3
249 61 3
249 100 3
249 105 5
249 117 3
249 118 3
249 122 2
249 127 3
249 137 1
249 170 3
249 171 3
249 179 5
249 212 3
249 244 3
249 248 2
249 251 3
249 273 3
249 276 5
249 282 5
249 285 2
249 286 3
249 288 3
249 293 3
249 310 3
249 337 3
249 381 3
249 410 3
249 459 3
249 546 5
249 558 5
249 702 2
249 742 3
249 753 3
249 763 5
249 936 3
249 971 3
249 983 3
250 1 4
250 2 4
250 3 4
250 4 4
250 7 4
250 10 4
250 12 4
250 13 4
250 15 4
250 26 4
250 28 4
250 29 4
250 35 4
250 38 4
250 39 4
250 49 4
250 51 4
250 54 4
250 56 4
250 58 4
250 60 4
250 64 4
250 65 4
250 66 4
250 67 4
250 70 4
250 71 4
250 73 4
250 77 4
250 79 4
250 80 4
250 81 4
250 82 4
250 83 4
250 86 4
250 87 4
250 88 4
250 89 4
250 92 4
250 94 4
250 95 4
250 97 4
250 98 4
250 99 4
250 100 4
250 101 4
250 110 4
250 112 4
250 114 4
250 117 4
250 121 4
250 123 4
250 125 4
250 126 4
250 127 4
250 131 4
250 132 4
250 133 4
250 134 4
250 135 4
250 136 4
250 139 4
250 141 4
250 142 4
250 143 4
250 144 4
250 145 4
250 152 4
250 153 4
250 154 4
250 155 4
250 157 4
250 158 4
250 161 4
250 162 4
250 163 4
250 164 4
250 166 4
250 167 4
250 168 4
250 169 4
250 173 4
250 174 4
250 176 4
250 177 4
250 179 4
250 180 4
250 182 4
250 183 4
250 185 4
250 187 4
250 191 4
250 192 4
250 193 4
250 194 4
250 195 4
250 196 4
250 197 4
250 199 4
250 200 4
250 202 4
250 203 4
250 204 4
250 205 4
250 207 4
250 208 4
250 210 4
250 211 4
250 215 4
250 216 4
250 218 4
250 222 4
250 223 4
250 225 4
250 226 4
250 227 4
250 229 4
250 231 4
250 233 4
250 237 4
250 238 4
250 239 4
250 241 4
250 245 4
250 252 4
250 254 4
250 258 4
250 264 4
250 265 4
250 269 4
250 270 4
250 272 4
250 274 4
250 275 4
250 277 4
250 278 4
250 280 4
250 281 4
250 282 4
250 283 4
250 287 4
250 288 4
250 290 4
250 292 4
250 294 4
250 299 4
250 300 4
250 301 4
250 302 4
250 304 4
250 305 4
250 310 4
250 311 4
250 312 4
250 313 4
250 315 4
250 316 4
250 328 4
250 332 4
250 340 4
250 354 4
250 357 4
250 367 4
250 371 4
250 373 4
250 378 4
250 380 4
250 381 4
250 382 4
250 383 4
250 384 4
250 385 4
250 387 4
250 393 4
250 395 4
250 396 4
250 400 4
250 401 4
250 414 4
250 416 4
250 417 4
250 418 4
250 419 4
250 421 4
250 422 4
250 427 4
250 428 4
250 430 4
250 431 4
250 432 4
250 433 4
250 434 4
250 435 4
250 443 4
250 448 4
250 455 4
250 462 4
250 465 4
250 467 4
250 468 4
250 469 4
250 470 4
250 471 4
250 472 4
250 474 4
250 476 4
250 477 4
250 478 4
250 479 4
250 480 4
250 481 4
250 482 4
250 483 4
250 484 4
250 487 4
250 488 4
250 490 4
250 491 4
250 493 4
250 494 4
250 495 4
250 496 4
250 497 4
250 499 4
250 500 4
250 502 4
250 503 4
250 505 4
250 506 4
250 507 4
250 509 4
250 510 4
250 511 4
250 514 4
250 518 4
250 520 4
250 523 4
250 525 4
250 526 4
250 527 4
250 528 4
250 530 4
250 535 4
250 549 4
250 550 4
250 553 4
250 557 4
250 558 4
250 559 4
250 561 4
250 566 4
250 568 4
250 570 4
250 582 4
250 583 4
250 589 4
250 591 4
250 602 4
250 604 4
250 606 4
250 607 4
250 608 4
250 609 4
250 610 4
250 611 4
250 612 4
250 613 4
250 614 4
250 618 4
250 620 4
250 622 4
250 629 4
250 630 4
250 631 4
250 632 4
250 633 4
250 637 4
250 642 4
250 647 4
250 648 4
250 650 4
250 651 4
250 655 4
250 657 4
250 659 4
250 660 4
250 661 4
250 663 4
250 673 4
250 679 4
250 685 4
250 686 4
250 689 4
250 692 4
250 693 4
250 700 4
250 704 4
250 707 4
250 708 4
250 709 4
250 710 4
250 712 4
250 714 4
250 715 4
250 716 4
250 717 4
250 723 4
250 727 4
250 728 4
250 729 4
250 731 4
250 735 4
250 736 4
250 739 4
250 742 4
250 747 4
250 748 4
250 751 4
250 761 4
250 762 4
250 765 4
250 771 4
250 774 4
250 775 4
250 778 4
250 783 4
250 785 4
250 790 4
250 792 4
250 794 4
250 801 4
250 807 4
250 815 4
250 821 4
250 823 4
250 832 4
250 837 4
250 842 4
250 845 4
250 846 4
250 847 4
250 865 4
250 869 4
250 873 4
250 878 4
250 900 4
250 902 4
250 904 4
250 905 4
250 908 4
250 921 4
250 923 4
250 926 4
250 928 4
250 934 4
250 936 4
250 939 4
250 940 4
250 942 4
250 956 4
250 965 4
250 966 4
250 967 4
250 969 4
251 242 2
251 243 5
251 259 2
251 260 5
251 263 5
251 264 2
251 268 2
251 269 2
251 270 2
251 286 2
251 288 2
251 292 2
251 294 2
251 299 3
251 300 2
251 301 2
251 303 1
251 307 5
251 308 1
251 322 2
251 323 2
251 325 1
251 327 2
251 328 2
251 329 2
251 330 2
251 331 1
251 332 4
251 333 4
251 336 2
251 337 2
251 359 2
251 360 1
251 457 5
251 680 5
251 681 2
251 683 3
251 687 3
251 688 5
251 690 3
251 749 2
251 872 1
251 874 2
251 875 2
251 877 2
251 879 5
251 880 2
251 881 2
251 882 1
251 883 1
251 884 2
251 937 3
251 938 1
251 984 5
251 989 2
251 991 1
251 995 1
252 7 3
252 8 4
252 14 3
252 22 3
252 25 3
252 27 3
252 45 3
252 48 1
252 52 3
252 58 1
252 60 3
252 61 3
252 62 2
252 64 3
252 66 2
252 69 3
252 70 3
252 79 3
252 86 2
252 88 4
252 89 3
252 96 3
252 97 3
252 99 2
252 111 3
252 121 3
252 124 3
252 127 3
252 132 3
252 134 3
252 135 3
252 136 3
252 143 3
252 152 1
252 154 3
252 156 2
252 161 3
252 162 1
252 163 3
252 170 3
252 173 3
252 174 3
252 180 3
252 181 5
252 183 3
252 185 3
252 186 5
252 187 2
252 188 1
252 191 3
252 194 3
252 195 3
252 197 3
252 201 5
252 202 3
252 203 3
252 204 3
252 207 3
252 211 3
252 212 5
252 216 3
252 234 3
252 237 3
252 243 5
252 245 3
252 259 3
252 269 3
252 276 3
252 286 3
252 294 3
252 318 3
252 371 4
252 384 2
252 404 1
252 418 2
252 419 5
252 420 3
252 423 3
252 427 1
252 430 3
252 435 3
252 443 3
252 455 2
252 458 5
252 461 3
252 462 1
252 465 3
252 467 3
252 472 4
252 479 2
252 482 2
252 483 3
252 485 2
252 488 1
252 490 3
252 491 3
252 494 3
252 495 3
252 496 3
252 498 1
252 502 3
252 506 3
252 509 3
252 510 3
252 513 3
252 517 3
252 518 3
252 521 3
252 523 3
252 526 3
252 530 3
252 531 3
252 554 3
252 576 1
252 588 1
252 597 3
252 603 2
252 609 1
252 614 3
252 615 3
252 624 3
252 631 3
252 636 2
252 641 3
252 648 3
252 654 3
252 659 3
252 660 2
252 684 2
252 729 1
252 736 3
252 780 4
252 781 3
252 792 3
252 805 3
252 815 3
252 856 3
252 863 3
252 874 3
252 924 1
252 947 3
252 969 3
252 971 3
253 3 3
253 4 5
253 7 5
253 9 3
253 11 3
253 12 1
253 17 3
253 22 3
253 24 5
253 33 2
253 42 2
253 48 1
253 49 3
253 50 3
253 53 4
253 59 3
253 68 2
253 69 3
253 73 4
253 77 3
253 79 5
253 80 3
253 93 3
253 94 1
253 97 3
253 98 3
253 100 3
253 117 3
253 122 5
253 125 5
253 132 3
253 143 3
253 154 1
253 156 4
253 157 3
253 158 3
253 164 4
253 168 3
253 172 3
253 174 3
253 181 3
253 184 1
253 186 1
253 188 3
253 196 4
253 204 5
253 210 5
253 214 1
253 223 3
253 231 5
253 233 1
253 234 5
253 238 3
253 239 3
253 246 1
253 248 4
253 258 3
253 268 3
253 276 3
253 288 3
253 298 5
253 318 4
253 354 3
253 356 3
253 357 3
253 364 5
253 367 3
253 369 3
253 385 3
253 393 1
253 401 5
253 402 3
253 410 4
253 412 5
253 416 3
253 421 3
253 423 3
253 424 3
253 427 1
253 456 3
253 471 3
253 475 3
253 476 3
253 496 3
253 515 2
253 550 3
253 552 3
253 566 1
253 568 4
253 578 3
253 586 3
253 591 3
253 651 4
253 655 3
253 684 2
253 693 1
253 697 3
253 717 2
253 721 3
253 742 5
253 871 3
253 959 3
253 963 3
253 975 3
254 1 5
254 11 3
254 12 4
254 15 5
254 22 5
254 28 3
254 50 3
254 51 3
254 55 1
254 56 5
254 58 2
254 66 3
254 69 3
254 70 3
254 73 3
254 76 3
254 77 4
254 79 3
254 82 3
254 87 1
254 88 3
254 89 3
254 96 5
254 97 3
254 98 3
254 99 2
254 100 3
254 107 3
254 114 3
254 117 3
254 118 3
254 121 3
254 124 3
254 131 1
254 136 3
254 143 3
254 144 4
254 153 3
254 161 3
254 162 1
254 164 2
254 169 3
254 172 3
254 173 3
254 174 3
254 181 3
254 182 3
254 185 4
254 191 3
254 193 3
254 194 1
254 195 3
254 196 4
254 197 2
254 199 2
254 202 3
254 203 4
254 204 3
254 210 3
254 211 3
254 215 5
254 222 3
254 228 3
254 234 3
254 237 3
254 250 4
254 255 5
254 257 3
254 258 3
254 259 3
254 260 5
254 270 1
254 272 1
254 277 2
254 279 3
254 286 3
254 289 5
254 293 2
254 300 3
254 310 5
254 315 3
254 316 3
254 317 1
254 318 3
254 322 5
254 323 3
254 326 2
254 356 4
254 357 3
254 378 3
254 385 4
254 392 1
254 404 1
254 414 3
254 418 2
254 419 3
254 423 3
254 427 3
254 431 1
254 434 3
254 435 4
254 451 3
254 454 5
254 465 1
254 468 3
254 474 2
254 478 3
254 479 2
254 482 3
254 483 3
254 484 3
254 485 1
254 487 3
254 490 3
254 492 3
254 493 3
254 496 4
254 497 3
254 507 3
254 509 1
254 519 3
254 520 3
254 526 2
254 528 3
254 531 2
254 566 5
254 568 3
254 603 2
254 605 3
254 607 3
254 610 3
254 612 3
254 614 3
254 627 3
254 631 3
254 633 3
254 642 2
254 649 3
254 651 2
254 654 2
254 655 5
254 657 1
254 659 3
254 660 3
254 661 3
254 678 5
254 685 4
254 686 3
254 692 4
254 693 3
254 694 3
254 705 3
254 707 3
254 735 3
254 736 3
254 740 3
254 742 3
254 746 3
254 836 3
254 837 3
254 842 3
254 873 5
254 875 5
254 879 2
254 939 3
254 945 3
254 956 3
254 961 3
254 968 3
255 1 5
255 2 2
255 4 2
255 7 5
255 8 3
255 9 5
255 12 5
255 14 2
255 17 3
255 20 3
255 24 5
255 25 3
255 31 3
255 39 2
255 42 3
255 44 3
255 47 3
255 53 3
255 56 5
255 57 3
255 58 3
255 64 4
255 65 3
255 69 3
255 70 5
255 71 3
255 87 3
255 89 3
255 95 1
255 96 4
255 97 5
255 98 3
255 100 3
255 118 3
255 123 5
255 125 5
255 126 1
255 127 3
255 135 3
255 148 5
255 161 3
255 170 3
255 173 3
255 174 3
255 176 3
255 191 3
255 196 4
255 197 3
255 204 5
255 214 1
255 217 5
255 222 3
255 223 3
255 228 3
255 234 5
255 237 5
255 245 5
255 252 5
255 255 5
255 257 5
255 265 3
255 270 2
255 275 3
255 276 3
255 277 3
255 279 3
255 281 4
255 282 3
255 289 3
255 291 3
255 292 3
255 293 3
255 298 5
255 300 3
255 304 3
255 307 4
255 313 3
255 317 3
255 318 3
255 321 4
255 323 5
255 334 2
255 343 5
255 380 3
255 382 1
255 393 4
255 402 4
255 405 5
255 428 3
255 447 5
255 455 4
255 462 3
255 465 3
255 471 3
255 475 3
255 504 4
255 508 2
255 511 2
255 515 1
255 518 3
255 529 3
255 531 2
255 549 3
255 582 2
255 584 3
255 591 3
255 597 5
255 627 3
255 628 3
255 629 3
255 647 3
255 660 2
255 678 5
255 692 5
255 694 3
255 709 1
255 724 3
255 727 3
255 738 3
255 747 3
255 755 5
255 778 3
255 898 5
255 934 3
255 939 1
256 1 3
256 3 2
256 4 2
256 12 4
256 13 5
256 22 4
256 23 3
256 32 1
256 42 3
256 46 3
256 50 3
256 53 1
256 54 3
256 57 3
256 60 3
256 61 3
256 68 3
256 69 5
256 79 3
256 80 2
256 86 1
256 91 3
256 92 3
256 95 3
256 97 4
256 99 2
256 100 5
256 101 4
256 111 5
256 125 5
256 127 3
256 133 2
256 135 3
256 143 4
256 161 3
256 168 4
256 170 3
256 172 3
256 174 5
256 175 5
256 177 1
256 179 2
256 180 3
256 181 3
256 182 5
256 185 5
256 186 4
256 187 3
256 188 2
256 194 4
256 196 4
256 197 2
256 202 5
256 208 2
256 210 5
256 211 3
256 216 4
256 218 3
256 222 5
256 226 2
256 228 5
256 231 4
256 232 4
256 234 4
256 238 4
256 268 5
256 273 5
256 274 5
256 282 4
256 286 5
256 294 5
256 325 4
256 346 2
256 357 4
256 366 3
256 369 4
256 380 1
256 403 5
256 410 5
256 414 3
256 419 4
256 421 3
256 423 3
256 427 3
256 431 1
256 432 2
256 433 4
256 443 3
256 447 3
256 448 1
256 449 2
256 452 2
256 460 4
256 461 3
256 462 2
256 474 2
256 475 4
256 479 1
256 484 3
256 490 3
256 498 3
256 505 3
256 506 3
256 508 3
256 523 2
256 546 5
256 559 2
256 568 4
256 578 3
256 581 3
256 582 3
256 603 3
256 608 3
256 640 3
256 655 2
256 658 3
256 660 3
256 662 3
256 672 2
256 673 3
256 693 3
256 696 3
256 708 3
256 710 1
256 715 3
256 720 4
256 721 1
256 737 3
256 743 2
256 763 5
256 789 3
256 806 3
256 818 2
256 845 3
256 864 3
256 919 3
256 922 3
256 933 4
256 943 3
256 955 3
256 959 3
256 963 3
256 979 3
256 985 3
257 4 2
257 7 4
257 8 3
257 9 4
257 11 5
257 12 5
257 14 2
257 15 5
257 20 4
257 22 4
257 27 4
257 31 3
257 38 5
257 44 4
257 45 1
257 48 2
257 50 5
257 51 2
257 52 4
257 53 5
257 54 3
257 56 5
257 57 4
257 58 1
257 59 4
257 62 4
257 64 4
257 65 1
257 66 4
257 70 4
257 77 4
257 79 4
257 82 4
257 86 3
257 89 5
257 91 3
257 94 2
257 96 5
257 97 5
257 100 4
257 105 5
257 111 4
257 114 4
257 117 5
257 118 5
257 122 5
257 127 5
257 134 4
257 137 4
257 143 4
257 144 4
257 148 5
257 151 4
257 155 4
257 156 2
257 157 4
257 161 5
257 162 2
257 164 3
257 168 4
257 172 5
257 173 5
257 174 4
257 176 5
257 180 4
257 181 5
257 182 5
257 183 5
257 185 5
257 186 4
257 190 1
257 191 5
257 192 4
257 193 3
257 194 4
257 196 4
257 197 4
257 200 5
257 203 4
257 204 5
257 209 4
257 214 5
257 215 5
257 216 4
257 218 4
257 219 5
257 223 4
257 226 3
257 228 4
257 229 5
257 230 5
257 231 5
257 232 5
257 234 4
257 235 4
257 237 4
257 239 4
257 240 5
257 241 5
257 243 5
257 248 2
257 257 5
257 258 4
257 265 4
257 282 4
257 285 2
257 288 4
257 304 1
257 318 5
257 357 5
257 370 4
257 372 2
257 373 2
257 378 4
257 380 2
257 385 5
257 393 5
257 395 1
257 401 3
257 402 5
257 403 5
257 405 4
257 410 5
257 411 5
257 412 4
257 417 3
257 425 1
257 428 4
257 436 4
257 443 5
257 448 2
257 450 5
257 452 3
257 453 5
257 455 3
257 456 5
257 458 2
257 462 4
257 469 4
257 470 4
257 471 4
257 472 5
257 473 4
257 474 3
257 476 5
257 483 4
257 500 4
257 507 1
257 509 1
257 527 4
257 529 4
257 531 4
257 540 4
257 546 4
257 549 4
257 553 5
257 554 5
257 559 5
257 566 4
257 568 5
257 582 5
257 584 4
257 588 4
257 597 4
257 623 5
257 628 3
257 629 1
257 631 2
257 632 4
257 636 5
257 640 4
257 651 3
257 655 5
257 658 4
257 664 4
257 673 4
257 679 2
257 692 5
257 699 3
257 704 3
257 708 4
257 709 4
257 717 5
257 720 4
257 722 3
257 727 4
257 729 2
257 732 4
257 739 4
257 742 4
257 744 2
257 747 2
257 755 4
257 758 5
257 769 4
257 770 4
257 775 4
257 783 2
257 792 4
257 819 2
257 825 2
257 841 2
257 845 5
257 871 5
257 931 5
257 934 1
257 948 4
257 949 2
257 959 4
257 980 4
258 8 3
258 9 3
258 12 3
258 14 2
258 20 1
258 23 1
258 25 3
258 28 3
258 32 3
258 48 3
258 50 3
258 57 3
258 58 2
258 86 4
258 96 3
258 98 3
258 117 3
258 121 3
258 124 3
258 126 3
258 127 3
258 129 1
258 134 2
258 143 3
258 144 3
258 147 5
258 152 3
258 169 3
258 174 3
258 178 3
258 179 3
258 180 2
258 182 5
258 183 3
258 187 1
258 189 3
258 190 3
258 191 5
258 192 3
258 193 3
258 195 3
258 203 4
258 208 2
258 209 1
258 234 3
258 237 3
258 238 4
258 245 5
258 250 2
258 255 3
258 273 4
258 278 3
258 282 2
258 284 5
258 285 3
258 286 3
258 287 3
258 288 3
258 289 3
258 293 3
258 298 3
258 301 3
258 304 3
258 307 5
258 317 3
258 318 4
258 319 4
258 321 3
258 333 3
258 346 3
258 357 3
258 387 1
258 405 3
258 408 3
258 410 4
258 423 3
258 425 1
258 427 3
258 430 3
258 461 3
258 467 3
258 469 3
258 473 3
258 474 2
258 496 3
258 509 3
258 514 2
258 517 3
258 521 3
258 526 2
258 529 3
258 530 3
258 546 3
258 582 3
258 588 3
258 589 3
258 591 2
258 596 5
258 603 3
258 632 3
258 644 3
258 648 3
258 651 3
258 654 1
258 663 3
258 685 2
258 694 3
258 696 3
258 704 3
258 709 3
258 717 5
258 736 1
258 742 3
258 744 1
258 750 3
258 753 3
258 792 3
258 844 4
258 847 3
258 896 3
258 925 3
258 939 3
258 952 3
258 956 3
258 980 3
259 1 2
259 3 2
259 7 2
259 8 4
259 15 2
259 16 2
259 19 2
259 22 2
259 25 2
259 79 2
259 100 2
259 108 2
259 111 2
259 117 2
259 120 5
259 121 2
259 123 1
259 147 1
259 148 4
259 164 2
259 172 2
259 174 2
259 181 2
259 194 2
259 216 2
259 220 3
259 222 2
259 225 4
259 230 5
259 245 2
259 249 2
259 250 4
259 255 4
259 258 2
259 260 5
259 264 1
259 274 2
259 278 2
259 282 2
259 286 2
259 289 2
259 291 1
259 295 2
259 300 2
259 301 2
259 322 2
259 323 2
259 328 2
259 332 3
259 333 2
259 357 2
259 358 4
259 411 2
259 472 5
259 473 3
259 523 1
259 568 2
259 596 3
259 597 2
259 651 1
259 676 5
259 678 2
259 685 2
259 687 5
259 742 2
259 748 2
259 815 3
259 825 2
259 827 2
259 846 2
259 864 4
259 866 2
259 873 2
259 879 2
259 934 4
259 969 2
259 978 1
259 989 2
259 993 2
260 1 4
260 7 4
260 10 4
260 14 4
260 20 4
260 117 4
260 127 4
260 129 4
260 146 4
260 149 4
260 224 4
260 242 4
260 250 4
260 253 4
260 257 4
260 258 4
260 273 4
260 275 4
260 276 4
260 279 4
260 285 4
260 286 4
260 289 4
260 293 4
260 294 4
260 297 4
260 301 4
260 303 4
260 307 4
260 311 4
260 322 4
260 458 4
260 515 4
260 532 4
260 591 4
260 676 4
260 713 4
260 744 4
260 847 4
261 9 2
261 50 5
261 121 2
261 242 2
261 255 5
261 285 2
261 302 5
261 304 2
261 313 5
261 319 2
261 321 2
262 11 5
262 100 4
262 237 4
262 259 5
262 271 5
262 272 4
262 288 4
262 289 4
262 292 1
262 300 5
262 310 4
262 313 4
262 315 4
262 323 4
262 330 4
262 332 4
262 678 4
262 866 5
262 895 3
263 3 3
263 7 3
263 13 3
263 14 2
263 15 5
263 20 3
263 21 5
263 24 5
263 50 3
263 93 3
263 100 3
263 103 5
263 107 3
263 112 5
263 116 2
263 117 3
263 121 5
263 124 3
263 126 3
263 137 2
263 147 5
263 149 3
263 150 3
263 151 5
263 221 3
263 224 3
263 225 4
263 235 3
263 242 2
263 243 5
263 244 3
263 249 3
263 250 5
263 253 3
263 257 3
263 258 3
263 268 3
263 270 3
263 274 5
263 283 3
263 284 5
263 285 3
263 288 3
263 301 3
263 304 3
263 306 2
263 310 4
263 311 3
263 319 3
263 347 3
263 362 3
263 410 5
263 455 5
263 472 5
263 473 4
263 475 3
263 477 5
263 508 3
263 544 2
263 593 3
263 597 3
263 689 3
263 741 3
263 744 3
263 751 3
263 813 1
263 819 3
263 845 3
263 864 1
263 870 3
263 880 3
263 887 4
263 926 5
263 930 5
263 950 3
263 952 3
263 988 3
263 993 3
264 16 4
264 116 4
264 176 4
264 181 4
264 248 2
264 258 5
264 260 5
264 264 4
264 269 5
264 286 4
264 289 4
264 294 5
264 298 5
264 300 5
264 302 4
264 321 4
264 322 4
264 326 4
264 328 4
264 333 5
264 482 2
264 603 4
264 678 4
264 705 1
264 709 4
264 879 5
264 984 5
265 1 3
265 7 5
265 8 2
265 12 4
265 22 1
265 32 2
265 50 5
265 56 3
265 64 3
265 87 3
265 97 4
265 100 3
265 114 3
265 132 4
265 134 2
265 136 3
265 143 4
265 154 1
265 169 3
265 172 4
265 174 5
265 175 4
265 179 2
265 180 2
265 181 3
265 190 3
265 191 5
265 194 2
265 198 3
265 199 3
265 202 3
265 216 3
265 257 5
265 258 3
265 283 3
265 286 3
265 300 3
265 318 4
265 319 3
265 395 3
265 404 3
265 428 3
265 474 1
265 475 3
265 477 5
265 478 3
265 481 3
265 496 3
265 511 2
265 525 3
265 529 1
265 584 3
265 588 3
265 603 2
265 615 3
265 638 3
265 651 1
265 855 3
266 2 5
266 11 4
266 22 4
266 24 5
266 27 3
266 50 5
266 55 1
266 56 5
266 62 3
266 68 4
266 79 4
266 82 4
266 87 4
266 89 5
266 95 4
266 96 4
266 98 4
266 117 5
266 127 5
266 144 4
266 172 4
266 174 5
266 176 5
266 182 3
266 183 4
266 184 1
266 187 4
266 188 4
266 210 4
266 231 5
266 232 3
266 258 4
266 265 4
266 268 4
266 269 4
266 273 4
266 288 4
266 292 4
266 294 5
266 302 4
266 306 2
266 308 3
266 313 5
266 315 2
266 321 4
266 324 4
266 326 4
266 327 4
266 328 4
266 331 5
266 333 4
266 334 5
266 344 5
266 346 4
266 349 5
266 350 5
266 354 4
266 385 4
266 405 4
266 455 3
266 518 1
266 546 4
266 550 1
266 566 5
266 568 4
266 651 2
266 682 5
266 748 4
266 873 5
266 882 4
266 885 5
266 898 5
266 908 5
267 1 4
267 10 4
267 24 4
267 50 5
267 93 3
267 108 4
267 109 4
267 117 5
267 124 4
267 150 2
267 240 5
267 246 4
267 248 3
267 249 4
267 257 4
267 264 2
267 268 4
267 273 5
267 288 5
267 298 3
267 340 1
267 455 5
267 475 5
267 742 4
267 762 4
267 919 4
268 1 5
268 4 4
268 7 4
268 8 5
268 12 4
268 13 4
268 15 4
268 19 4
268 22 4
268 23 4
268 25 4
268 31 2
268 39 3
268 42 5
268 47 3
268 51 4
268 56 4
268 58 2
268 69 4
268 70 4
268 71 4
268 95 4
268 96 4
268 97 4
268 98 4
268 100 4
268 111 4
268 116 5
268 118 4
268 121 4
268 126 5
268 132 4
268 137 2
268 144 5
268 150 3
268 153 4
268 159 1
268 160 1
268 170 1
268 172 4
268 173 5
268 178 3
268 180 3
268 181 5
268 182 5
268 191 4
268 195 4
268 200 5
268 209 4
268 214 3
268 216 4
268 222 4
268 238 4
268 249 4
268 251 4
268 257 4
268 258 4
268 273 4
268 275 4
268 283 4
268 285 1
268 294 4
268 297 1
268 318 4
268 321 5
268 357 4
268 367 4
268 372 4
268 377 5
268 405 4
268 411 4
268 423 4
268 427 3
268 428 1
268 435 4
268 461 4
268 462 5
268 469 4
268 471 4
268 475 4
268 498 2
268 507 2
268 529 4
268 544 4
268 582 3
268 603 5
268 612 4
268 642 3
268 655 5
268 692 5
268 699 4
268 724 4
268 742 4
268 826 5
268 856 4
268 926 1
268 952 1
269 10 4
269 64 4
269 65 2
269 127 4
269 134 3
269 136 2
269 153 5
269 173 4
269 194 5
269 286 4
269 306 2
269 474 4
269 483 5
269 484 1
269 490 4
269 495 4
269 499 4
269 507 4
269 511 4
269 513 4
269 520 4
269 582 4
269 605 4
269 610 4
269 611 4
269 641 4
269 654 2
269 705 1
269 855 4
270 9 3
270 13 5
270 19 3
270 50 5
270 93 2
270 100 5
270 118 5
270 125 5
270 137 2
270 150 2
270 221 1
270 235 5
270 246 3
270 248 2
270 257 5
270 258 3
270 276 5
270 283 1
270 284 4
270 285 3
270 286 3
270 288 3
270 293 3
270 294 3
270 295 3
270 360 3
270 458 1
270 471 3
270 475 2
270 508 5
270 544 3
270 546 5
270 813 3
270 847 3
270 919 3
270 950 3
270 952 3
271 1 4
271 50 4
271 99 2
271 102 4
271 140 1
271 151 5
271 225 5
271 404 3
271 422 4
271 465 4
271 477 3
271 588 3
271 596 5
271 768 1
271 878 4
271 932 4
271 969 4
272 1 4
272 2 3
272 3 4
272 4 3
272 7 4
272 11 4
272 12 4
272 21 5
272 24 5
272 27 2
272 28 5
272 29 5
272 33 3
272 38 5
272 41 3
272 43 4
272 49 4
272 51 4
272 56 4
272 63 3
272 64 4
272 66 4
272 68 4
272 69 4
272 71 5
272 72 3
272 73 2
272 78 5
272 79 4
272 80 2
272 82 4
272 88 5
272 90 4
272 94 3
272 97 5
272 99 3
272 101 3
272 109 3
272 117 4
272 118 5
272 120 5
272 122 5
272 123 3
272 132 5
272 135 5
272 141 4
272 151 4
272 161 5
272 168 3
272 172 4
272 173 4
272 174 4
272 175 4
272 177 2
272 181 4
272 183 5
272 185 5
272 186 4
272 193 3
272 195 4
272 196 4
272 204 4
272 210 4
272 215 5
272 217 3
272 218 3
272 226 3
272 228 5
272 229 5
272 232 4
272 233 3
272 234 5
272 239 1
272 240 5
272 250 5
272 254 4
272 255 4
272 258 4
272 260 5
272 271 5
272 288 5
272 313 4
272 318 4
272 323 4
272 343 5
272 355 4
272 358 4
272 362 4
272 365 4
272 368 4
272 370 2
272 373 4
272 374 4
272 375 4
272 378 4
272 380 2
272 384 4
272 386 4
272 391 2
272 392 4
272 393 5
272 395 1
272 400 5
272 401 3
272 404 1
272 411 5
272 416 1
272 417 3
272 418 3
272 431 3
272 443 4
272 449 3
272 455 3
272 465 4
272 473 4
272 475 5
272 477 2
272 485 3
272 496 4
272 501 4
272 540 3
272 541 3
272 546 5
272 548 4
272 550 3
272 552 4
272 559 5
272 561 4
272 562 4
272 567 5
272 568 5
272 569 5
272 576 2
272 577 4
272 578 1
272 584 1
272 588 4
272 597 5
272 625 2
272 633 4
272 655 5
272 658 4
272 665 5
272 672 5
272 682 5
272 685 4
272 715 2
272 720 4
272 739 4
272 742 5
272 743 2
272 747 1
272 748 4
272 751 5
272 755 1
272 756 5
272 758 5
272 760 5
272 763 5
272 768 1
272 771 1
272 780 3
272 790 3
272 796 4
272 810 4
272 826 1
272 834 4
272 877 4
272 890 3
272 895 5
272 924 4
272 928 2
272 930 4
272 931 5
272 940 4
272 951 4
272 977 3
273 9 2
273 14 2
273 25 3
273 116 2
273 124 3
273 129 1
273 137 2
273 242 2
273 257 3
273 273 4
273 275 4
273 276 3
273 293 3
273 302 2
273 303 4
273 319 4
273 321 5
273 327 3
273 508 3
273 547 2
274 7 4
274 8 5
274 11 5
274 12 5
274 13 4
274 14 3
274 15 5
274 22 5
274 23 3
274 26 4
274 42 3
274 44 4
274 45 4
274 48 1
274 50 4
274 52 4
274 58 3
274 60 4
274 61 4
274 64 4
274 66 3
274 68 5
274 69 4
274 71 5
274 72 3
274 73 2
274 76 4
274 77 5
274 79 4
274 83 3
274 86 3
274 87 1
274 88 4
274 89 5
274 92 2
274 97 5
274 98 5
274 99 3
274 100 4
274 107 4
274 116 1
274 121 4
274 131 3
274 132 5
274 134 3
274 135 5
274 136 1
274 141 4
274 150 5
274 161 5
274 170 4
274 171 4
274 172 4
274 173 5
274 175 5
274 176 4
274 178 2
274 179 4
274 180 4
274 181 4
274 182 5
274 183 5
274 191 5
274 192 4
274 193 4
274 194 5
274 195 5
274 196 5
274 198 1
274 199 3
274 203 4
274 205 4
274 207 4
274 208 3
274 209 5
274 210 4
274 211 5
274 212 2
274 215 5
274 216 4
274 218 5
274 221 1
274 227 5
274 230 5
274 234 5
274 237 4
274 238 5
274 244 3
274 248 3
274 252 5
274 257 4
274 258 4
274 274 5
274 275 3
274 276 4
274 282 5
274 283 4
274 285 1
274 286 4
274 288 4
274 289 5
274 291 4
274 293 4
274 298 4
274 302 4
274 313 5
274 315 1
274 316 4
274 317 2
274 322 5
274 326 3
274 346 4
274 356 3
274 380 1
274 382 4
274 385 5
274 410 5
274 414 4
274 416 4
274 418 3
274 419 4
274 430 1
274 434 4
274 435 5
274 436 4
274 461 4
274 463 4
274 470 5
274 474 3
274 475 4
274 478 1
274 480 3
274 481 4
274 483 5
274 484 4
274 486 4
274 488 1
274 489 4
274 490 4
274 491 4
274 493 4
274 495 4
274 496 4
274 497 4
274 498 2
274 499 4
274 503 4
274 506 4
274 507 1
274 508 5
274 510 1
274 511 3
274 513 4
274 514 4
274 517 2
274 518 2
274 519 4
274 520 4
274 521 3
274 525 4
274 526 3
274 527 4
274 528 1
274 529 1
274 530 4
274 553 3
274 566 4
274 584 1
274 591 3
274 601 4
274 602 4
274 603 4
274 604 4
274 605 4
274 607 4
274 610 4
274 614 4
274 615 4
274 617 4
274 618 4
274 628 4
274 633 4
274 641 4
274 642 2
274 646 4
274 648 4
274 649 4
274 651 3
274 653 4
274 657 1
274 659 4
274 660 3
274 661 4
274 664 4
274 676 2
274 684 5
274 685 4
274 692 5
274 696 4
274 697 4
274 699 1
274 705 1
274 707 1
274 708 1
274 709 4
274 735 2
274 736 4
274 744 2
274 756 5
274 789 4
274 792 4
274 836 4
274 848 4
274 921 4
274 923 4
274 939 4
274 943 4
274 945 4
274 963 4
274 966 4
274 971 4
274 996 4
275 50 3
275 70 3
275 100 3
275 259 5
275 315 4
275 347 3
275 381 3
276 4 5
276 26 2
276 33 1
276 42 1
276 56 5
276 67 4
276 72 2
276 73 2
276 80 1
276 83 1
276 85 2
276 88 2
276 168 4
276 173 2
276 175 2
276 186 2
276 194 1
276 202 2
276 208 2
276 209 3
276 211 2
276 216 4
276 232 1
276 238 2
276 239 2
276 288 2
276 300 5
276 328 3
276 343 1
276 367 3
276 386 4
276 579 2
276 585 2
276 648 2
276 655 2
276 692 3
276 710 1
276 712 3
276 715 1
276 734 2
276 738 1
276 748 5
276 765 2
276 781 2
276 790 2
276 792 4
276 944 2
276 999 2
277 20 4
277 25 4
277 36 4
277 88 4
277 90 4
277 237 4
277 255 3
277 280 3
277 282 5
277 289 4
277 294 4
277 553 4
277 709 4
277 722 4
277 724 4
277 732 4
277 778 4
277 781 2
277 815 4
277 846 4
278 1 5
278 7 4
278 17 3
278 23 2
278 26 4
278 28 5
278 40 1
278 41 1
278 42 3
278 48 2
278 50 4
278 65 1
278 72 3
278 77 4
278 79 5
278 81 1
278 93 4
278 98 5
278 111 5
278 122 5
278 134 3
278 137 2
278 143 5
278 145 5
278 151 5
278 160 2
278 161 5
278 168 5
278 188 4
278 196 5
278 216 4
278 218 4
278 219 4
278 222 5
278 231 5
278 237 4
278 238 5
278 276 4
278 288 4
278 300 4
278 318 5
278 327 4
278 340 4
278 350 1
278 354 4
278 357 5
278 367 5
278 369 4
278 392 4
278 403 5
278 410 5
278 412 5
278 427 4
278 447 2
278 451 5
278 467 4
278 469 4
278 518 1
278 568 5
278 591 2
278 604 4
278 616 4
278 655 4
278 658 4
278 673 4
278 684 4
278 739 3
278 743 5
278 763 5
278 843 4
278 866 4
278 959 4
278 975 4
279 1 5
279 8 3
279 24 5
279 28 3
279 31 2
279 50 3
279 54 3
279 55 1
279 58 1
279 66 3
279 70 3
279 71 2
279 79 3
279 82 3
279 88 3
279 89 3
279 95 2
279 96 4
279 97 5
279 100 3
279 101 3
279 108 3
279 111 3
279 117 3
279 118 3
279 121 3
279 122 5
279 127 5
279 133 4
279 135 3
279 147 5
279 148 2
279 161 5
279 168 3
279 172 3
279 173 3
279 174 3
279 175 3
279 176 3
279 177 3
279 179 3
279 180 3
279 181 3
279 182 4
279 183 3
279 185 5
279 187 2
279 188 2
279 189 3
279 190 3
279 195 3
279 197 2
279 198 3
279 201 4
279 204 3
279 209 2
279 210 3
279 211 4
279 213 3
279 215 4
279 216 3
279 226 3
279 228 5
279 230 5
279 241 4
279 248 1
279 249 1
279 255 3
279 257 5
279 258 3
279 261 3
279 264 3
279 265 4
279 266 3
279 270 2
279 272 3
279 281 5
279 282 3
279 283 2
279 286 3
279 288 3
279 294 3
279 295 4
279 298 5
279 300 3
279 304 3
279 318 3
279 324 3
279 328 3
279 356 3
279 358 1
279 380 3
279 385 4
279 398 2
279 405 3
279 421 1
279 422 3
279 423 3
279 436 3
279 455 2
279 463 3
279 472 4
279 479 2
279 483 3
279 489 3
279 500 3
279 510 3
279 511 2
279 523 3
279 526 4
279 528 3
279 535 3
279 546 3
279 566 3
279 588 3
279 602 3
279 604 3
279 616 3
279 629 3
279 632 3
279 640 1
279 651 2
279 655 3
279 680 3
279 688 5
279 692 3
279 727 3
279 732 3
279 739 4
279 748 3
279 751 2
279 752 5
279 840 3
279 879 3
279 931 5
279 945 3
280 8 3
280 12 5
280 64 4
280 96 5
280 100 4
280 114 4
280 127 4
280 165 4
280 166 4
280 172 5
280 175 5
280 183 4
280 190 1
280 191 5
280 203 4
280 213 4
280 237 4
280 257 4
280 265 5
280 272 3
280 294 4
280 298 5
280 319 4
280 347 2
280 462 3
280 479 3
280 483 4
280 504 2
280 510 1
280 511 2
280 517 1
280 603 4
280 615 4
280 642 1
280 661 4
280 705 1
280 863 4
281 42 4
281 50 4
281 66 4
281 70 5
281 86 5
281 100 4
281 153 5
281 163 3
281 173 5
281 190 2
281 197 4
281 204 5
281 207 4
281 210 5
281 238 5
281 283 3
281 313 5
281 318 4
281 322 4
281 367 5
281 427 5
281 430 1
281 435 5
281 479 3
281 484 4
281 505 4
281 507 3
281 514 5
281 524 4
281 596 5
281 648 4
281 650 2
281 678 4
281 780 4
282 50 3
282 127 3
282 257 3
282 288 3
282 289 5
282 295 1
282 298 3
282 301 4
282 321 4
282 748 3
282 876 1
282 881 4
283 1 3
283 12 3
283 20 4
283 99 2
283 107 3
283 116 2
283 121 3
283 144 4
283 151 3
283 180 2
283 181 5
283 195 3
283 197 2
283 199 1
283 229 5
283 230 4
283 237 3
283 249 3
283 250 2
283 257 3
283 270 3
283 271 5
283 277 3
283 286 3
283 290 3
283 318 4
283 365 5
283 380 3
283 405 3
283 432 3
283 449 2
283 462 1
283 480 2
283 538 3
283 582 1
283 612 3
283 743 5
283 900 3
284 1 5
284 7 4
284 9 4
284 15 4
284 24 5
284 25 5
284 28 5
284 29 4
284 50 5
284 51 3
284 53 5
284 56 5
284 70 5
284 71 5
284 73 2
284 79 4
284 82 5
284 94 3
284 96 4
284 97 5
284 98 4
284 111 4
284 122 5
284 135 5
284 136 1
284 143 5
284 144 5
284 150 4
284 151 5
284 168 5
284 173 4
284 174 4
284 181 5
284 195 5
284 202 4
284 204 5
284 216 5
284 222 4
284 227 5
284 229 5
284 230 5
284 234 5
284 235 5
284 237 4
284 239 4
284 248 3
284 250 4
284 252 4
284 255 4
284 257 4
284 258 4
284 265 5
284 274 5
284 275 5
284 293 4
284 294 5
284 300 4
284 313 4
284 315 4
284 318 5
284 343 5
284 385 5
284 392 4
284 399 4
284 405 4
284 419 3
284 422 4
284 427 4
284 431 3
284 449 2
284 451 5
284 463 4
284 472 5
284 510 2
284 550 3
284 560 3
284 562 4
284 568 5
284 578 4
284 588 4
284 597 4
284 625 2
284 651 3
284 655 4
284 665 5
284 679 2
284 692 5
284 699 4
284 746 4
284 755 4
284 778 4
284 823 3
284 829 2
284 849 4
284 879 3
284 926 5
285 245 2
285 288 2
285 289 4
285 294 2
285 303 2
285 313 2
285 321 5
285 326 2
285 330 2
285 341 2
285 748 2
286 1 3
286 3 2
286 7 3
286 10 3
286 13 3
286 14 2
286 15 3
286 20 2
286 93 4
286 109 3
286 111 3
286 117 3
286 121 3
286 123 2
286 124 3
286 127 3
286 129 1
286 137 1
286 146 3
286 147 3
286 150 4
286 151 3
286 181 3
286 220 3
286 221 2
286 235 3
286 236 2
286 237 3
286 245 3
286 248 2
286 250 3
286 255 5
286 257 3
286 258 3
286 262 3
286 264 3
286 270 3
286 273 3
286 275 3
286 276 3
286 277 1
286 280 1
286 282 3
286 284 5
286 285 1
286 286 3
286 287 3
286 295 3
286 298 3
286 299 3
286 300 3
286 305 1
286 319 3
286 321 3
286 322 3
286 327 3
286 331 5
286 332 3
286 333 3
286 336 3
286 471 3
286 475 3
286 476 3
286 508 3
286 591 3
286 595 1
286 597 3
286 620 3
286 628 2
286 678 3
286 689 3
286 696 3
286 717 3
286 718 3
286 742 3
286 748 3
286 762 4
286 766 2
286 818 2
286 823 3
286 845 5
286 846 3
286 864 1
286 872 4
286 874 4
286 879 4
286 880 3
286 882 2
286 886 4
286 887 4
286 924 3
286 935 3
286 975 3
286 994 3
286 995 2
287 1 3
287 2 1
287 3 3
287 4 5
287 12 3
287 17 1
287 25 3
287 28 3
287 31 2
287 38 4
287 42 4
287 43 3
287 45 1
287 48 3
287 49 1
287 50 3
287 55 2
287 56 3
287 58 2
287 66 1
287 68 2
287 69 3
287 71 3
287 73 3
287 76 3
287 77 3
287 79 3
287 81 1
287 82 5
287 87 3
287 88 3
287 92 2
287 95 4
287 96 4
287 97 3
287 99 2
287 100 3
287 111 4
287 117 3
287 121 3
287 125 5
287 128 3
287 133 3
287 136 2
287 140 2
287 143 2
287 144 3
287 150 4
287 160 1
287 161 3
287 172 3
287 174 3
287 176 3
287 179 2
287 181 3
287 183 2
287 188 2
287 191 1
287 194 1
287 195 3
287 196 2
287 202 3
287 206 3
287 215 1
287 216 3
287 222 3
287 226 3
287 227 5
287 230 4
287 232 4
287 237 3
287 239 1
287 249 1
287 252 3
287 255 5
287 257 5
287 258 3
287 259 3
287 260 5
287 265 2
287 270 2
287 272 3
287 273 1
287 276 3
287 280 3
287 282 3
287 286 3
287 288 3
287 289 5
287 293 3
287 294 3
287 298 3
287 300 5
287 318 2
287 333 3
287 347 3
287 356 3
287 366 3
287 367 3
287 378 3
287 402 3
287 403 5
287 404 2
287 411 3
287 412 4
287 419 3
287 423 3
287 432 2
287 455 3
287 462 3
287 470 3
287 471 1
287 474 3
287 501 3
287 540 3
287 541 3
287 546 3
287 549 3
287 550 3
287 566 2
287 572 1
287 578 3
287 586 3
287 588 1
287 591 2
287 596 4
287 597 3
287 620 3
287 627 3
287 628 3
287 652 5
287 658 3
287 672 3
287 679 3
287 684 5
287 685 4
287 686 3
287 692 5
287 710 1
287 713 3
287 727 3
287 732 4
287 735 3
287 742 5
287 747 2
287 748 3
287 768 3
287 772 3
287 779 3
287 781 3
287 790 1
287 794 3
287 820 4
287 823 2
287 833 3
287 845 3
287 932 2
287 939 3
287 941 3
287 956 3
287 978 4
288 1 5
288 8 3
288 11 3
288 22 5
288 28 5
288 33 3
288 50 5
288 58 1
288 64 3
288 69 3
288 70 3
288 83 2
288 87 1
288 96 3
288 98 3
288 100 3
288 111 3
288 133 2
288 135 3
288 154 2
288 164 3
288 168 4
288 172 3
288 173 3
288 176 5
288 180 3
288 181 3
288 182 5
288 183 3
288 185 3
288 186 4
288 187 3
288 190 3
288 196 3
288 198 3
288 199 2
288 200 4
288 203 4
288 207 3
288 210 3
288 211 5
288 222 5
288 228 5
288 230 5
288 238 5
288 243 5
288 245 5
288 258 5
288 259 5
288 260 5
288 265 5
288 269 3
288 292 3
288 299 3
288 304 1
288 318 4
288 328 5
288 333 3
288 358 3
288 385 3
288 405 3
288 414 3
288 419 4
288 429 3
288 434 3
288 468 3
288 474 2
288 480 2
288 483 3
288 485 1
288 491 3
288 493 3
288 496 4
288 498 3
288 500 3
288 510 3
288 511 1
288 514 3
288 515 1
288 520 3
288 521 3
288 523 2
288 526 1
288 527 3
288 568 4
288 605 3
288 612 3
288 655 3
288 659 3
288 662 3
288 692 5
288 707 3
288 724 3
288 732 4
288 776 3
288 845 3
288 880 3
288 890 3
289 243 5
289 258 3
289 259 3
289 260 5
289 261 5
289 263 3
289 264 2
289 266 4
289 268 3
289 271 5
289 272 4
289 286 3
289 288 3
289 292 1
289 294 3
289 301 5
289 302 3
289 304 3
289 308 3
289 310 4
289 313 3
289 315 1
289 316 3
289 319 4
289 321 3
289 324 1
289 325 4
289 326 5
289 327 3
289 330 4
289 331 3
289 332 4
289 333 5
289 334 1
289 339 3
289 340 3
289 342 3
289 343 3
289 349 2
289 353 1
289 355 3
289 358 4
289 457 5
289 538 3
289 678 3
289 680 2
289 681 3
289 682 2
289 687 5
289 689 4
289 748 3
289 750 3
289 751 2
289 752 3
289 872 1
289 873 5
289 874 3
289 875 2
289 878 5
289 881 3
289 883 3
289 887 3
289 890 3
289 892 3
289 902 3
289 948 1
289 988 5
289 989 3
289 991 2
290 1 2
290 9 2
290 15 3
290 50 2
290 93 1
290 117 2
290 124 2
290 126 2
290 127 4
290 137 1
290 150 2
290 151 2
290 181 5
290 224 2
290 237 2
290 258 2
290 273 3
290 277 2
290 284 3
290 286 2
290 292 2
290 293 2
290 298 1
290 302 2
290 333 4
290 410 4
290 455 3
290 473 2
290 475 2
290 596 3
290 741 2
290 764 2
290 847 2
290 919 2
290 926 3
290 993 2
291 45 3
291 100 3
291 124 3
291 129 1
291 190 1
291 237 3
291 258 3
291 273 4
291 285 3
291 286 3
291 340 5
291 475 4
291 657 3
291 696 3
291 900 3
292 45 3
292 56 1
292 69 3
292 83 3
292 86 2
292 97 4
292 100 5
292 124 5
292 127 3
292 131 2
292 137 2
292 186 4
292 187 2
292 192 3
292 193 3
292 205 2
292 212 3
292 221 3
292 242 1
292 285 3
292 286 3
292 291 2
292 318 5
292 479 2
292 482 2
292 483 3
292 492 3
292 511 2
292 523 2
292 527 3
292 528 3
292 531 1
292 654 1
292 772 3
293 1 5
293 7 5
293 11 3
293 12 3
293 22 4
293 24 5
293 48 1
293 50 3
293 59 3
293 60 3
293 65 3
293 69 3
293 71 4
293 79 3
293 82 4
293 91 3
293 95 3
293 96 4
293 98 5
293 100 3
293 115 3
293 117 3
293 118 3
293 121 3
293 124 3
293 127 5
293 150 3
293 151 5
293 154 2
293 156 2
293 168 4
293 171 3
293 172 5
293 173 5
293 174 3
293 175 5
293 176 5
293 180 2
293 181 3
293 182 3
293 183 4
293 188 2
293 191 5
293 192 3
293 195 3
293 196 4
293 209 4
293 210 5
293 222 3
293 234 4
293 235 5
293 238 3
293 239 3
293 250 2
293 252 4
293 257 5
293 258 3
293 260 5
293 264 2
293 265 4
293 271 5
293 273 3
293 275 5
293 284 5
293 288 3
293 300 3
293 318 5
293 323 3
293 327 5
293 328 5
293 343 4
293 357 5
293 369 5
293 404 1
293 405 3
293 410 5
293 411 5
293 431 2
293 455 3
293 462 2
293 475 1
293 483 3
293 527 3
293 528 3
293 546 3
293 550 1
293 597 5
293 647 3
293 652 2
293 684 3
293 687 5
293 693 3
293 742 5
293 746 3
293 751 4
293 754 3
293 762 2
293 763 3
293 876 2
293 879 3
293 886 3
293 890 3
293 925 3
294 9 5
294 50 3
294 64 5
294 65 3
294 86 3
294 98 5
294 100 5
294 107 3
294 126 3
294 174 5
294 183 4
294 191 5
294 194 4
294 199 2
294 222 5
294 237 5
294 286 5
294 289 5
294 294 5
294 322 5
294 357 3
294 427 2
294 507 3
294 528 3
294 748 3
295 2 2
295 4 3
295 11 3
295 29 4
295 44 3
295 50 5
295 53 4
295 54 3
295 56 5
295 64 3
295 68 4
295 69 5
295 71 3
295 79 3
295 84 3
295 86 5
295 88 4
295 89 4
295 90 4
295 91 3
295 94 2
295 95 2
295 98 5
295 101 2
295 109 2
295 120 5
295 121 3
295 132 4
295 133 2
295 139 3
295 140 1
295 143 4
295 144 4
295 145 5
295 147 5
295 151 5
295 153 5
295 155 5
295 157 3
295 158 3
295 161 5
295 162 2
295 163 2
295 167 3
295 168 4
295 172 4
295 173 5
295 176 4
295 179 3
295 181 3
295 184 2
295 186 3
295 188 2
295 191 5
295 195 3
295 200 4
295 201 5
295 202 3
295 204 3
295 214 2
295 216 5
295 217 3
295 219 4
295 222 5
295 227 4
295 228 5
295 229 5
295 230 4
295 231 5
295 232 3
295 234 5
295 235 3
295 265 3
295 282 4
295 288 3
295 357 3
295 379 3
295 380 3
295 385 3
295 386 3
295 389 3
295 391 1
295 392 3
295 395 3
295 402 4
295 403 3
295 404 3
295 413 5
295 416 3
295 417 3
295 421 2
295 423 3
295 431 2
295 433 3
295 435 3
295 444 3
295 447 1
295 449 3
295 451 4
295 452 1
295 465 3
295 470 3
295 472 5
295 478 3
295 479 3
295 496 2
295 501 2
295 504 1
295 505 3
295 507 3
295 523 1
295 559 3
295 566 3
295 575 3
295 581 3
295 616 3
295 622 3
295 629 3
295 642 3
295 650 3
295 658 3
295 660 2
295 665 4
295 671 3
295 674 1
295 679 1
295 684 2
295 705 3
295 732 3
295 742 3
295 768 3
295 770 3
295 790 2
295 796 3
295 797 3
295 831 4
295 843 3
295 924 3
295 944 3
296 7 2
296 10 2
296 11 2
296 17 5
296 33 4
296 38 4
296 39 2
296 42 1
296 50 2
296 53 2
296 56 2
296 64 2
296 77 1
296 87 2
296 89 3
296 96 2
296 97 3
296 98 2
296 99 1
296 109 3
296 132 2
296 133 3
296 135 2
296 136 2
296 141 2
296 143 2
296 147 2
296 150 3
296 154 1
296 156 2
296 158 2
296 164 4
296 172 2
296 173 3
296 181 2
296 183 4
296 186 2
296 191 2
296 204 2
296 222 2
296 227 4
296 228 2
296 229 5
296 246 1
296 268 2
296 288 2
296 318 2
296 356 1
296 378 2
296 380 2
296 393 4
296 417 1
296 418 2
296 420 2
296 432 4
296 433 2
296 469 2
296 480 2
296 485 1
296 526 2
296 528 2
296 532 2
296 561 2
296 607 2
296 625 1
296 633 2
296 659 2
296 727 2
296 743 2
296 746 2
296 774 4
296 825 2
296 921 2
297 1 5
297 2 2
297 3 2
297 11 4
297 12 3
297 13 5
297 19 3
297 24 4
297 25 3
297 28 3
297 31 2
297 38 4
297 39 1
297 54 2
297 56 5
297 66 3
297 67 4
297 70 3
297 71 4
297 72 2
297 77 3
297 79 5
297 80 2
297 82 3
297 87 1
297 89 3
297 94 2
297 95 3
297 96 4
297 97 5
297 98 3
297 99 2
297 100 3
297 101 2
297 105 4
297 108 3
297 109 3
297 114 3
297 118 5
297 122 5
297 127 3
297 139 3
297 145 5
297 152 3
297 153 5
297 155 5
297 161 5
297 163 1
297 164 2
297 167 3
297 168 4
297 173 3
297 174 5
297 175 5
297 181 5
297 185 4
297 186 4
297 187 2
297 188 2
297 189 3
297 195 4
297 197 3
297 202 5
297 204 3
297 208 2
297 217 3
297 225 5
297 227 5
297 228 4
297 229 5
297 230 4
297 233 1
297 234 4
297 240 5
297 242 3
297 248 3
297 250 3
297 252 4
297 257 3
297 258 3
297 260 5
297 268 4
297 273 4
297 274 4
297 288 3
297 291 3
297 298 5
297 325 2
297 358 3
297 363 1
297 364 4
297 373 3
297 382 3
297 384 2
297 385 3
297 386 3
297 393 4
297 395 3
297 399 3
297 403 4
297 405 3
297 407 5
297 408 3
297 412 5
297 418 2
297 420 3
297 423 3
297 431 2
297 432 3
297 451 4
297 452 2
297 455 3
297 465 1
297 472 5
297 475 4
297 501 2
297 508 3
297 510 3
297 526 3
297 540 3
297 545 1
297 549 3
297 550 2
297 552 3
297 559 3
297 562 3
297 566 3
297 568 4
297 570 3
297 575 3
297 577 3
297 578 3
297 588 3
297 590 5
297 597 4
297 603 3
297 625 1
297 627 3
297 645 3
297 651 2
297 652 1
297 655 4
297 657 1
297 679 2
297 692 4
297 716 2
297 720 4
297 721 3
297 722 2
297 724 3
297 731 3
297 741 2
297 746 3
297 748 3
297 758 5
297 765 3
297 771 3
297 780 4
297 781 1
297 783 1
297 790 2
297 792 3
297 797 3
297 802 3
297 809 3
297 810 3
297 840 3
297 849 2
297 864 5
297 940 3
297 943 3
297 1000 3
298 10 1
298 11 3
298 12 3
298 23 3
298 32 1
298 50 3
298 53 1
298 56 3
298 59 3
298 61 3
298 79 3
298 83 2
298 89 3
298 98 3
298 121 3
298 124 3
298 127 3
298 136 1
298 137 2
298 144 3
298 150 1
298 151 5
298 156 1
298 160 2
298 164 1
298 168 3
298 171 3
298 172 3
298 175 3
298 176 3
298 182 3
298 183 3
298 186 3
298 187 3
298 191 3
298 192 3
298 197 3
298 202 3
298 203 3
298 204 3
298 210 3
298 212 4
298 218 2
298 222 3
298 228 3
298 229 5
298 258 3
298 262 3
298 271 5
298 275 3
298 288 3
298 293 3
298 302 3
298 340 3
298 381 3
298 425 3
298 435 3
298 443 3
298 447 3
298 449 3
298 464 3
298 474 2
298 475 3
298 483 3
298 484 3
298 486 3
298 489 3
298 512 3
298 514 2
298 515 2
298 522 3
298 525 3
298 538 3
298 548 3
298 554 4
298 558 2
298 591 2
298 594 3
298 603 2
298 631 3
298 649 3
298 652 3
298 656 2
298 664 3
298 675 3
298 693 3
298 754 3
298 772 3
298 806 3
298 887 3
298 919 3
298 922 3
298 985 3
299 8 4
299 11 5
299 12 5
299 50 4
299 87 1
299 97 4
299 117 5
299 127 4
299 132 4
299 136 1
299 153 5
299 157 1
299 176 4
299 177 2
299 181 5
299 182 4
299 183 5
299 191 4
299 193 3
299 194 5
299 198 4
299 202 5
299 207 4
299 210 4
299 213 4
299 215 5
299 238 5
299 251 1
299 271 5
299 272 5
299 275 4
299 295 4
299 300 4
299 301 5
299 307 5
299 312 3
299 313 5
299 318 4
299 326 3
299 357 5
299 414 4
299 425 1
299 463 4
299 474 3
299 482 1
299 483 3
299 484 4
299 486 4
299 497 4
299 511 3
299 516 4
299 520 4
299 521 2
299 530 4
299 539 3
299 605 4
299 651 3
299 657 1
299 661 4
299 663 1
299 664 4
299 690 3
299 692 5
299 742 5
299 750 2
299 879 4
299 886 4
299 887 4
299 902 2
300 1 3
300 3 3
300 8 2
300 9 3
300 25 3
300 28 3
300 30 3
300 39 2
300 42 3
300 43 3
300 44 3
300 45 3
300 50 3
300 56 3
300 58 1
300 61 1
300 62 3
300 69 3
300 70 5
300 72 2
300 83 2
300 88 3
300 89 4
300 94 2
300 97 4
300 98 5
300 100 3
300 111 3
300 116 2
300 118 3
300 120 3
300 125 5
300 129 3
300 133 2
300 135 3
300 143 3
300 147 4
300 159 3
300 164 3
300 172 3
300 175 3
300 179 2
300 181 3
300 196 3
300 202 3
300 204 3
300 208 2
300 210 5
300 211 3
300 216 4
300 217 1
300 223 3
300 234 3
300 235 5
300 237 3
300 238 4
300 244 3
300 245 5
300 246 3
300 250 2
300 252 3
300 255 2
300 257 5
300 258 3
300 268 3
300 274 4
300 275 5
300 276 3
300 281 3
300 282 4
300 283 1
300 284 4
300 285 3
300 287 3
300 294 3
300 298 4
300 300 3
300 301 3
300 304 1
300 316 3
300 325 5
300 381 3
300 386 5
300 387 2
300 393 3
300 396 3
300 405 3
300 407 5
300 412 5
300 421 3
300 448 3
300 464 3
300 469 2
300 471 4
300 472 3
300 475 3
300 476 5
300 498 3
300 509 1
300 514 2
300 517 2
300 522 3
300 529 3
300 531 3
300 535 3
300 553 3
300 559 4
300 568 4
300 569 3
300 584 3
300 611 3
300 619 3
300 639 3
300 640 1
300 660 2
300 662 3
300 665 3
300 699 3
300 708 3
300 709 3
300 714 3
300 721 3
300 729 1
300 735 3
300 739 2
300 742 5
300 762 2
300 768 2
300 775 3
300 780 2
300 781 1
300 815 3
300 821 3
300 827 1
300 836 3
300 845 2
300 930 3
300 964 3
300 971 3
300 988 5
300 996 3
