301 195 5
301 204 5
301 269 5
301 283 1
301 318 4
301 423 5
301 481 3
301 515 3
302 242 2
302 268 2
302 286 5
302 300 5
302 304 2
302 313 5
302 315 2
302 316 2
302 875 2
303 258 5
303 294 5
303 300 5
303 301 3
303 305 4
303 306 5
303 319 5
303 325 5
303 332 5
303 333 5
303 340 5
303 343 5
304 136 4
304 172 5
304 193 3
304 237 5
304 245 5
304 286 5
304 480 4
304 566 3
304 603 4
304 606 4
304 705 1
305 87 3
305 204 5
305 288 5
305 327 5
305 427 2
305 651 2
305 655 3
306 1 5
306 50 5
306 127 5
306 151 5
306 252 3
306 255 4
306 748 5
306 924 3
307 111 5
307 121 5
307 125 5
307 181 5
307 220 3
307 252 3
307 258 5
307 298 3
307 300 5
307 458 3
307 546 5
307 815 2
307 926 4
308 336 4
308 353 4
308 751 3
308 873 5
308 879 3
309 268 4
309 270 1
309 292 2
309 300 5
309 302 5
309 313 5
309 335 4
309 343 2
309 346 2
309 682 4
309 689 2
309 895 1
310 21 4
310 94 1
310 181 5
310 258 5
310 300 5
310 473 2
310 596 3
311 1 5
311 50 5
311 151 5
311 259 5
311 269 5
311 272 3
311 300 5
311 736 3
312 1 5
312 9 5
312 100 5
312 129 2
312 268 5
312 276 5
312 410 5
312 475 4
312 740 3
313 243 5
313 286 5
313 289 5
313 310 1
313 311 3
313 313 5
313 323 5
313 332 4
313 748 5
314 288 5
314 300 5
314 313 5
314 319 5
314 326 3
314 333 5
314 538 3
315 117 5
315 125 5
315 243 5
315 245 5
315 288 5
315 301 5
315 304 4
315 326 3
315 339 2
315 340 5
315 410 5
315 748 5
315 988 5
316 14 2
316 25 5
316 286 5
316 313 5
316 319 4
316 321 5
316 676 3
317 272 3
317 340 5
317 345 3
317 690 3
317 902 2
318 22 5
318 258 5
318 269 5
318 286 5
318 288 5
318 301 5
318 311 1
318 313 5
318 515 2
318 525 4
318 538 2
318 882 4
319 271 4
319 288 5
319 289 5
319 301 3
319 310 1
319 322 4
319 338 2
319 538 1
319 682 3
319 690 3
319 877 2
319 989 2
320 258 5
320 262 3
320 268 5
320 269 5
320 271 4
320 305 3
320 307 4
320 325 4
320 333 5
320 689 2
320 890 3
321 150 3
321 151 5
321 191 5
321 194 5
321 198 4
321 205 3
321 222 5
321 237 5
321 276 5
321 288 5
321 455 4
321 514 4
321 538 2
321 902 4
322 7 5
322 21 4
322 24 3
322 125 4
322 222 5
322 405 5
322 410 4
322 685 2
322 849 2
323 100 5
323 257 4
323 261 3
323 288 5
323 294 5
323 328 5
323 456 4
323 881 4
324 245 5
324 258 5
324 289 3
324 322 4
324 323 5
324 328 5
324 680 2
324 879 3
325 237 5
325 259 5
325 275 4
325 278 3
325 300 5
325 313 5
325 328 5
325 343 4
325 681 3
325 682 3
325 742 5
325 895 4
326 13 5
326 14 2
326 150 2
326 235 5
326 242 2
326 269 5
326 286 5
326 287 3
326 321 5
326 476 5
326 756 4
327 286 5
327 304 3
327 331 4
327 333 4
327 334 1
327 690 4
328 251 3
328 257 4
328 258 5
328 304 2
328 740 3
328 748 5
328 845 4
329 264 4
329 271 5
329 299 2
329 300 5
329 322 5
329 326 2
329 328 5
329 350 3
329 354 2
329 879 2
330 259 5
330 269 5
330 301 3
330 313 5
330 333 5
330 338 5
330 689 5
330 750 5
330 751 2
330 879 3
330 880 5
331 1 5
331 5 4
331 7 5
331 8 3
331 9 5
331 11 5
331 12 4
331 22 5
331 31 3
331 38 4
331 44 4
331 53 4
331 54 5
331 56 5
331 70 5
331 73 2
331 77 4
331 79 5
331 82 5
331 95 5
331 96 5
331 97 5
331 98 5
331 105 5
331 106 1
331 117 5
331 118 5
331 120 5
331 121 5
331 122 5
331 123 4
331 125 5
331 144 5
331 148 4
331 156 2
331 159 1
331 172 5
331 174 5
331 181 5
331 182 4
331 195 5
331 204 5
331 210 5
331 218 4
331 222 5
331 228 5
331 229 5
331 230 5
331 232 4
331 233 1
331 234 5
331 235 5
331 237 5
331 240 5
331 249 3
331 252 5
331 255 4
331 257 5
331 258 5
331 264 3
331 265 5
331 271 5
331 273 5
331 282 5
331 288 5
331 291 4
331 293 4
331 294 5
331 295 4
331 298 5
331 300 5
331 307 5
331 313 5
331 323 5
331 326 3
331 327 5
331 328 5
331 333 5
331 342 4
331 354 4
331 356 3
331 369 5
331 370 4
331 405 5
331 406 4
331 409 4
331 410 5
331 431 2
331 449 4
331 450 5
331 451 3
331 470 4
331 546 5
331 566 3
331 597 5
331 628 3
331 651 3
331 660 3
331 673 4
331 679 3
331 682 5
331 684 3
331 693 4
331 696 4
331 717 4
331 728 4
331 742 5
331 746 4
331 756 5
331 763 5
331 770 4
331 815 4
331 824 2
331 827 2
331 831 4
331 833 1
331 840 2
331 841 4
331 845 5
331 866 4
331 871 4
331 879 3
331 928 4
331 931 5
331 934 3
331 975 4
331 978 3
331 982 3
331 983 4
332 66 3
332 88 3
332 98 5
332 100 5
332 168 4
332 174 5
332 186 4
332 276 5
332 435 3
332 513 3
332 739 3
332 748 5
332 873 5
333 4 3
333 7 5
333 8 3
333 9 5
333 12 4
333 13 5
333 19 3
333 20 3
333 22 5
333 23 2
333 28 5
333 42 2
333 50 5
333 52 3
333 56 5
333 58 1
333 59 3
333 61 3
333 68 4
333 69 5
333 72 2
333 73 1
333 74 5
333 77 4
333 79 5
333 81 3
333 82 5
333 83 2
333 86 2
333 89 5
333 91 2
333 93 2
333 95 3
333 98 5
333 100 5
333 111 5
333 115 3
333 116 3
333 117 5
333 124 3
333 125 4
333 127 5
333 131 2
333 132 4
333 134 2
333 135 4
333 143 5
333 150 4
333 151 5
333 153 5
333 154 3
333 155 3
333 160 1
333 163 3
333 164 1
333 168 4
333 169 3
333 170 3
333 171 3
333 172 5
333 173 5
333 174 5
333 175 5
333 176 5
333 179 3
333 181 5
333 182 4
333 183 4
333 185 5
333 186 3
333 191 5
333 196 4
333 197 2
333 200 4
333 203 3
333 204 5
333 207 3
333 210 5
333 213 2
333 216 5
333 217 3
333 220 5
333 221 3
333 222 5
333 223 3
333 224 3
333 225 5
333 227 4
333 228 5
333 229 5
333 230 4
333 231 5
333 235 5
333 237 5
333 238 4
333 239 3
333 244 1
333 245 5
333 248 2
333 250 5
333 255 3
333 258 5
333 265 4
333 268 5
333 269 5
333 272 2
333 275 3
333 276 4
333 277 3
333 282 3
333 283 3
333 285 3
333 286 5
333 287 3
333 288 5
333 289 5
333 293 3
333 297 3
333 300 5
333 301 5
333 302 4
333 303 4
333 305 3
333 306 1
333 310 2
333 311 3
333 312 1
333 315 3
333 316 3
333 317 1
333 318 4
333 319 5
333 322 5
333 324 3
333 326 2
333 328 5
333 333 5
333 337 3
333 338 5
333 340 5
333 345 3
333 346 3
333 347 2
333 371 2
333 387 1
333 396 3
333 405 5
333 408 3
333 421 1
333 423 4
333 425 1
333 427 3
333 428 3
333 429 3
333 430 3
333 433 3
333 436 3
333 443 4
333 449 3
333 450 5
333 461 3
333 462 3
333 474 2
333 476 5
333 481 3
333 483 3
333 484 3
333 488 3
333 494 3
333 498 3
333 500 3
333 502 3
333 505 3
333 506 3
333 508 4
333 510 3
333 512 3
333 514 3
333 515 2
333 521 2
333 525 3
333 529 3
333 531 1
333 537 3
333 553 1
333 558 3
333 566 3
333 569 2
333 577 3
333 582 3
333 591 2
333 603 3
333 606 3
333 607 3
333 608 3
333 620 3
333 628 3
333 629 3
333 631 2
333 635 3
333 640 2
333 642 1
333 652 1
333 655 3
333 657 3
333 658 3
333 663 3
333 675 3
333 684 3
333 689 2
333 693 3
333 707 3
333 708 3
333 709 3
333 710 1
333 712 3
333 716 3
333 736 3
333 740 3
333 742 4
333 744 1
333 746 3
333 753 3
333 762 3
333 792 3
333 815 3
333 840 2
333 845 4
333 846 3
333 855 3
333 856 3
333 865 3
333 870 3
333 877 5
333 879 3
333 886 3
333 887 3
333 888 3
333 896 3
333 899 3
333 902 3
333 905 3
333 931 5
333 936 3
333 937 3
333 945 3
333 950 3
333 955 3
333 961 3
333 969 3
334 258 5
334 260 5
334 269 4
334 300 5
334 313 5
334 322 5
334 323 5
334 324 2
334 342 3
334 347 4
334 902 3
335 3 5
335 4 3
335 13 5
335 15 5
335 33 2
335 41 5
335 42 5
335 49 1
335 56 5
335 63 4
335 66 3
335 67 5
335 70 5
335 88 3
335 90 2
335 105 5
335 111 5
335 117 5
335 122 5
335 124 2
335 125 4
335 151 5
335 153 4
335 154 3
335 158 1
335 168 5
335 186 3
335 202 5
335 204 5
335 208 4
335 216 5
335 232 2
335 237 5
335 239 1
335 275 3
335 276 5
335 282 5
335 288 5
335 290 5
335 367 3
335 383 5
335 388 3
335 395 3
335 399 3
335 401 3
335 405 5
335 410 5
335 451 4
335 475 3
335 546 5
335 571 3
335 575 3
335 577 3
335 619 3
335 628 3
335 692 5
335 710 3
335 722 3
335 732 3
335 738 3
335 742 5
335 763 2
335 781 4
335 785 3
335 790 3
335 796 3
335 824 3
335 845 5
335 859 3
335 864 4
335 926 5
335 959 3
335 998 3
335 999 3
336 15 5
336 106 1
336 121 5
336 127 5
336 135 4
336 222 5
336 228 5
336 235 5
336 371 2
336 380 1
336 392 3
336 449 3
336 515 3
336 520 3
336 636 1
336 742 4
336 831 4
336 879 2
337 1 5
337 56 5
337 79 5
337 83 4
337 100 5
337 132 5
337 133 4
337 134 3
337 135 5
337 168 4
337 170 1
337 175 5
337 189 4
337 194 5
337 196 5
337 197 4
337 208 4
337 211 5
337 212 4
337 215 5
337 269 5
337 286 5
337 294 5
337 306 4
337 408 4
337 427 3
337 435 5
337 443 5
337 462 4
337 474 3
337 480 3
337 483 4
337 484 1
337 486 4
337 490 4
337 494 4
337 498 1
337 511 3
337 513 4
337 514 5
337 516 4
337 523 3
337 525 4
337 603 5
337 604 4
337 606 4
337 607 4
337 613 4
337 650 4
337 654 2
337 663 2
337 708 4
337 792 2
337 945 4
338 1 5
338 4 3
338 5 3
338 7 5
338 11 4
338 12 4
338 22 4
338 23 1
338 25 5
338 28 5
338 29 4
338 30 3
338 32 3
338 42 2
338 45 3
338 47 2
338 50 5
338 55 2
338 58 2
338 64 5
338 65 3
338 67 5
338 69 5
338 73 1
338 74 5
338 76 3
338 79 5
338 80 3
338 81 3
338 86 2
338 88 3
338 89 5
338 91 2
338 97 5
338 98 5
338 100 5
338 101 3
338 117 5
338 121 5
338 124 3
338 126 3
338 127 5
338 130 3
338 131 1
338 132 4
338 133 2
338 134 2
338 135 4
338 136 3
338 139 3
338 144 3
338 145 5
338 150 3
338 151 5
338 153 5
338 154 2
338 156 1
338 159 3
338 160 3
338 161 5
338 163 3
338 167 3
338 168 4
338 170 3
338 173 5
338 174 5
338 175 5
338 179 2
338 180 3
338 181 5
338 182 3
338 183 4
338 185 4
338 186 4
338 188 1
338 190 3
338 191 5
338 192 3
338 194 4
338 195 5
338 196 4
338 197 3
338 198 3
338 199 1
338 203 3
338 204 5
338 205 1
338 208 2
338 209 3
338 214 3
338 222 5
338 226 2
338 227 5
338 228 5
338 231 5
338 233 1
338 234 5
338 235 5
338 238 4
338 240 5
338 248 1
338 257 5
338 258 5
338 265 3
338 269 5
338 270 2
338 276 5
338 286 5
338 288 5
338 298 4
338 302 5
338 317 3
338 327 5
338 347 1
338 357 4
338 380 1
338 402 3
338 403 3
338 404 1
338 410 5
338 411 5
338 415 3
338 423 5
338 427 2
338 428 3
338 431 2
338 433 4
338 435 4
338 436 3
338 447 3
338 451 3
338 461 3
338 469 3
338 474 1
338 475 5
338 478 3
338 479 1
338 483 3
338 484 3
338 485 1
338 488 3
338 496 3
338 503 3
338 508 5
338 509 3
338 511 2
338 514 3
338 515 1
338 516 3
338 521 1
338 522 3
338 523 1
338 525 3
338 528 3
338 530 3
338 546 5
338 549 3
338 550 1
338 566 3
338 568 5
338 573 3
338 582 3
338 589 3
338 603 3
338 607 3
338 614 3
338 631 2
338 636 3
338 637 3
338 640 2
338 642 3
338 649 3
338 650 3
338 655 3
338 657 1
338 661 3
338 663 3
338 673 3
338 675 3
338 678 5
338 693 3
338 702 1
338 709 3
338 719 3
338 737 2
338 739 2
338 770 3
338 772 3
338 806 3
338 823 2
338 845 4
338 856 3
338 939 3
338 942 3
338 961 3
339 1 5
339 15 5
339 50 5
339 66 3
339 71 3
339 143 2
339 173 5
339 174 5
339 186 3
339 199 1
339 204 5
339 205 3
339 215 4
339 265 3
339 274 4
339 417 2
339 418 3
339 423 3
339 435 3
339 502 3
339 504 2
339 520 3
339 526 2
339 584 3
339 588 2
339 946 3
340 3 1
340 4 2
340 7 5
340 8 4
340 11 5
340 13 5
340 15 5
340 23 3
340 25 5
340 26 2
340 28 5
340 32 1
340 47 3
340 56 5
340 58 3
340 68 5
340 92 3
340 93 3
340 95 1
340 98 5
340 100 5
340 108 3
340 111 4
340 122 3
340 123 4
340 124 4
340 125 3
340 131 5
340 132 3
340 133 1
340 134 1
340 135 4
340 143 5
340 144 4
340 156 2
340 160 1
340 174 5
340 175 4
340 179 3
340 188 3
340 189 3
340 191 5
340 192 3
340 193 2
340 194 2
340 196 4
340 197 3
340 204 5
340 208 1
340 212 3
340 216 5
340 220 2
340 223 3
340 237 5
340 238 3
340 240 3
340 248 1
340 251 3
340 255 5
340 257 5
340 262 3
340 274 4
340 276 4
340 282 3
340 287 3
340 288 5
340 289 4
340 294 5
340 297 3
340 298 5
340 301 2
340 319 3
340 320 3
340 326 2
340 327 5
340 357 4
340 367 5
340 378 3
340 381 4
340 382 2
340 408 3
340 410 5
340 412 4
340 421 3
340 423 4
340 427 1
340 433 4
340 461 3
340 478 3
340 482 3
340 483 3
340 487 3
340 496 2
340 499 3
340 508 3
340 517 3
340 518 3
340 531 3
340 535 3
340 544 5
340 547 3
340 574 3
340 581 3
340 584 3
340 591 1
340 606 3
340 607 3
340 654 1
340 655 2
340 656 3
340 657 3
340 663 2
340 699 3
340 723 2
340 724 3
340 732 5
340 746 3
340 762 3
340 764 4
340 772 3
340 789 3
340 792 1
340 818 2
340 844 3
340 846 3
340 866 5
340 873 4
340 875 3
340 928 1
340 950 3
340 952 3
340 965 3
340 974 3
340 975 3
341 1 5
341 3 2
341 4 4
341 7 5
341 8 4
341 9 5
341 10 4
341 11 4
341 20 2
341 23 3
341 25 5
341 26 4
341 28 5
341 38 5
341 42 3
341 44 4
341 47 4
341 50 5
341 52 4
341 53 5
341 55 3
341 56 5
341 57 4
341 58 3
341 62 5
341 63 2
341 65 1
341 66 3
341 67 5
341 68 4
341 69 5
341 76 4
341 77 4
341 79 5
341 81 4
341 82 5
341 83 4
341 86 4
341 87 1
341 88 4
341 89 5
341 90 4
341 97 5
341 98 5
341 100 5
341 117 5
341 118 5
341 121 5
341 124 4
341 127 5
341 130 4
341 132 5
341 134 3
341 135 5
341 137 2
341 143 5
341 144 5
341 147 5
341 153 5
341 154 3
341 155 5
341 156 2
341 159 4
341 163 2
341 164 1
341 168 5
341 169 1
341 174 5
341 176 5
341 177 2
341 179 3
341 186 5
341 187 3
341 188 4
341 189 4
341 191 5
341 193 3
341 194 5
341 196 5
341 197 3
341 199 3
341 200 5
341 208 4
341 211 4
341 214 3
341 223 4
341 228 5
341 229 5
341 231 5
341 234 5
341 235 5
341 236 4
341 237 5
341 238 4
341 241 5
341 250 5
341 257 5
341 265 5
341 269 5
341 275 5
341 276 5
341 277 4
341 288 5
341 297 4
341 302 5
341 303 5
341 306 3
341 318 4
341 324 2
341 333 5
341 334 5
341 357 5
341 358 4
341 367 5
341 371 4
341 375 4
341 382 3
341 385 5
341 405 5
341 408 4
341 410 5
341 423 5
341 427 3
341 429 4
341 435 4
341 449 4
341 458 3
341 461 4
341 462 4
341 463 4
341 471 5
341 473 4
341 474 3
341 476 5
341 483 4
341 498 1
341 499 4
341 510 2
341 515 2
341 521 1
341 523 2
341 527 4
341 530 4
341 536 4
341 546 5
341 555 4
341 559 5
341 561 4
341 568 5
341 569 2
341 581 4
341 582 3
341 606 4
341 614 4
341 631 2
341 642 1
341 654 2
341 655 3
341 657 2
341 660 4
341 684 4
341 702 4
341 703 4
341 708 1
341 712 4
341 724 4
341 727 4
341 729 1
341 739 4
341 744 1
341 747 1
341 778 4
341 786 4
341 792 1
341 919 4
341 921 4
341 930 5
341 931 5
341 943 4
341 950 2
341 951 4
341 961 4
341 980 4
342 1 5
342 4 3
342 5 1
342 7 5
342 8 4
342 9 5
342 11 4
342 13 5
342 14 2
342 22 4
342 25 5
342 26 3
342 39 1
342 45 3
342 58 2
342 70 5
342 73 3
342 79 5
342 86 3
342 87 3
342 88 3
342 89 5
342 95 3
342 96 4
342 97 5
342 98 5
342 106 3
342 111 5
342 118 5
342 119 3
342 122 5
342 124 3
342 125 5
342 127 5
342 129 1
342 132 5
342 137 1
342 148 5
342 169 3
342 172 5
342 174 5
342 175 5
342 176 5
342 181 5
342 183 4
342 190 1
342 191 5
342 195 5
342 196 4
342 198 3
342 202 5
342 203 3
342 204 5
342 208 2
342 210 5
342 213 2
342 215 4
342 216 5
342 222 5
342 228 5
342 235 5
342 237 5
342 244 3
342 245 5
342 246 1
342 248 2
342 251 3
342 255 5
342 269 5
342 272 3
342 274 5
342 275 5
342 276 5
342 278 3
342 280 3
342 281 5
342 283 4
342 284 5
342 285 1
342 286 5
342 288 5
342 291 1
342 295 1
342 297 3
342 298 5
342 301 5
342 304 2
342 306 2
342 311 3
342 313 5
342 315 3
342 316 3
342 322 5
342 357 5
342 372 3
342 385 4
342 405 5
342 433 4
342 451 3
342 459 3
342 462 3
342 471 5
342 472 5
342 476 5
342 477 3
342 478 1
342 479 1
342 486 3
342 487 3
342 494 3
342 508 5
342 509 1
342 511 1
342 516 3
342 535 2
342 537 3
342 559 5
342 562 3
342 568 4
342 597 5
342 619 3
342 647 3
342 660 2
342 663 3
342 678 5
342 684 3
342 694 3
342 696 3
342 707 3
342 708 3
342 709 3
342 713 3
342 716 3
342 742 5
342 751 5
342 764 3
342 815 4
342 844 5
342 845 3
342 864 5
342 896 3
342 926 5
342 928 1
342 955 3
343 1 5
343 4 5
343 9 5
343 11 5
343 13 5
343 14 3
343 15 5
343 25 5
343 26 4
343 28 5
343 33 4
343 43 4
343 44 4
343 48 1
343 49 1
343 50 5
343 51 4
343 64 3
343 65 2
343 66 3
343 69 5
343 70 5
343 71 5
343 77 4
343 79 5
343 81 1
343 87 1
343 88 3
343 93 1
343 98 5
343 100 5
343 111 5
343 118 5
343 121 5
343 124 4
343 125 5
343 126 4
343 131 5
343 132 5
343 137 2
343 143 5
343 148 5
343 151 5
343 170 4
343 172 5
343 173 5
343 174 5
343 191 5
343 196 5
343 197 3
343 202 5
343 204 5
343 216 5
343 220 5
343 221 4
343 223 4
343 226 3
343 234 5
343 235 5
343 237 5
343 239 4
343 241 4
343 245 5
343 246 2
343 255 5
343 258 5
343 262 3
343 269 5
343 272 4
343 274 5
343 278 4
343 280 4
343 282 4
343 283 5
343 284 5
343 285 2
343 287 5
343 288 5
343 289 5
343 291 3
343 294 5
343 295 2
343 298 5
343 300 5
343 302 5
343 303 4
343 305 2
343 311 2
343 312 5
343 313 5
343 315 1
343 317 3
343 323 5
343 325 2
343 332 5
343 333 5
343 356 1
343 365 4
343 367 5
343 378 1
343 381 4
343 382 3
343 387 4
343 402 4
343 403 5
343 405 5
343 416 2
343 433 5
343 443 3
343 451 5
343 461 4
343 464 4
343 471 4
343 473 4
343 476 5
343 479 3
343 481 1
343 485 5
343 498 4
343 508 4
343 518 4
343 534 4
343 550 1
343 559 5
343 566 3
343 568 5
343 582 4
343 588 3
343 620 4
343 639 4
343 651 3
343 655 3
343 660 1
343 676 4
343 696 3
343 702 4
343 708 4
343 709 4
343 715 1
343 716 4
343 722 4
343 724 4
343 732 3
343 736 1
343 737 3
343 738 4
343 739 4
343 742 5
343 744 4
343 747 4
343 748 5
343 772 3
343 781 3
343 845 5
343 846 3
343 866 4
343 879 3
343 886 4
343 903 4
343 919 4
343 949 2
343 955 4
343 956 5
343 972 4
343 988 5
344 2 2
344 3 4
344 4 3
344 7 5
344 11 4
344 12 4
344 17 3
344 22 4
344 29 4
344 31 1
344 33 3
344 38 4
344 50 5
344 53 3
344 54 3
344 55 2
344 56 5
344 62 4
344 64 5
344 67 3
344 72 3
344 76 3
344 83 2
344 89 5
344 91 1
344 92 3
344 94 1
344 97 5
344 98 5
344 100 5
344 110 3
344 117 5
344 120 5
344 121 5
344 127 5
344 132 4
344 133 3
344 134 2
344 141 3
344 143 4
344 144 3
344 147 1
344 153 5
344 157 3
344 158 2
344 161 5
344 167 2
344 168 5
344 172 5
344 173 5
344 174 5
344 176 5
344 180 3
344 181 5
344 183 4
344 184 2
344 186 4
344 187 2
344 188 2
344 203 3
344 204 5
344 210 5
344 211 3
344 213 5
344 215 4
344 216 5
344 218 4
344 219 4
344 232 3
344 234 5
344 240 5
344 245 5
344 250 5
344 259 5
344 265 3
344 273 5
344 276 5
344 288 5
344 291 2
344 293 3
344 294 5
344 300 5
344 302 5
344 318 4
344 322 5
344 325 4
344 333 5
344 358 5
344 366 3
344 369 5
344 375 3
344 385 4
344 391 3
344 392 3
344 394 3
344 403 4
344 405 5
344 415 3
344 431 2
344 455 5
344 470 1
344 496 3
344 518 3
344 520 3
344 541 3
344 546 5
344 549 3
344 550 2
344 561 3
344 569 2
344 572 3
344 576 1
344 578 3
344 582 3
344 597 5
344 616 3
344 636 2
344 642 3
344 657 3
344 669 5
344 673 3
344 684 3
344 685 3
344 708 3
344 712 1
344 727 3
344 732 3
344 739 3
344 742 4
344 743 3
344 746 3
344 748 5
344 780 2
344 785 3
344 802 3
344 809 3
344 831 5
344 842 3
344 879 2
344 944 3
344 959 3
344 967 3
344 977 3
345 1 5
345 7 5
345 12 5
345 15 5
345 17 4
345 22 5
345 24 5
345 25 5
345 28 5
345 31 2
345 50 5
345 55 3
345 56 5
345 65 1
345 68 4
345 69 5
345 70 5
345 73 2
345 76 4
345 79 5
345 82 5
345 85 4
345 87 2
345 91 2
345 96 5
345 97 5
345 98 5
345 99 4
345 117 5
345 118 5
345 125 5
345 127 5
345 137 2
345 151 5
345 156 2
345 157 4
345 158 4
345 159 1
345 163 1
345 164 3
345 168 5
345 172 5
345 173 5
345 174 5
345 176 5
345 177 1
345 181 5
345 182 5
345 183 4
345 187 3
345 188 3
345 192 4
345 195 5
345 200 5
345 202 5
345 203 4
345 204 5
345 208 3
345 215 5
345 216 5
345 222 5
345 223 4
345 226 3
345 227 5
345 230 5
345 233 2
345 235 5
345 239 1
345 240 5
345 241 4
345 245 5
345 252 4
345 258 5
345 268 5
345 271 5
345 276 5
345 280 4
345 286 5
345 290 5
345 291 3
345 293 4
345 294 5
345 298 5
345 300 5
345 317 1
345 318 4
345 323 5
345 324 5
345 328 5
345 333 5
345 356 2
345 369 5
345 371 2
345 385 5
345 386 3
345 392 1
345 403 5
345 404 2
345 405 5
345 410 5
345 416 4
345 423 5
345 432 4
345 460 4
345 462 4
345 465 1
345 468 4
345 470 2
345 471 5
345 472 5
345 475 2
345 501 5
345 508 5
345 544 4
345 550 3
345 568 5
345 588 3
345 595 5
345 597 5
345 609 3
345 655 5
345 660 4
345 685 4
345 686 4
345 689 3
345 692 5
345 699 1
345 721 2
345 735 4
345 742 5
345 763 5
345 806 4
345 819 2
345 820 5
345 827 4
345 829 5
345 831 5
345 841 4
345 871 5
345 879 3
345 928 3
345 930 5
345 943 4
345 959 4
345 977 4
345 982 4
346 7 5
346 25 5
346 107 4
346 118 5
346 121 5
346 123 4
346 126 1
346 147 4
346 225 4
346 240 5
346 243 5
346 245 5
346 276 5
346 288 5
346 291 3
346 294 5
346 368 4
346 370 5
346 405 5
346 406 4
346 411 5
346 412 5
346 472 5
346 473 4
346 477 3
346 546 5
346 628 3
346 756 5
346 819 4
346 831 4
346 834 4
346 924 4
346 926 5
346 934 2
346 974 4
346 975 4
346 988 5
347 9 5
347 15 5
347 20 2
347 100 5
347 118 5
347 125 3
347 237 5
347 276 4
347 411 5
347 412 1
347 455 4
347 458 2
347 471 4
347 475 2
347 544 1
347 596 3
347 847 2
348 23 1
348 50 5
348 89 5
348 132 4
348 133 3
348 136 3
348 168 4
348 172 5
348 173 5
348 174 5
348 179 2
348 183 4
348 193 2
348 204 5
348 210 5
348 211 3
348 214 2
348 228 4
348 271 5
348 324 2
348 435 4
348 479 1
348 480 2
348 483 3
348 489 3
348 515 3
348 530 3
348 589 3
348 604 3
348 616 3
348 654 1
348 657 3
349 286 5
349 288 5
349 289 5
349 292 2
349 301 5
349 310 2
349 311 4
349 312 2
349 313 5
349 323 5
349 326 3
349 332 5
349 340 5
349 341 5
349 343 2
349 359 4
349 538 4
349 748 5
349 751 4
349 754 4
349 873 5
349 879 3
349 880 2
349 984 3
349 989 4
349 990 4
350 4 3
350 7 5
350 39 1
350 79 5
350 89 5
350 92 3
350 96 4
350 100 5
350 129 3
350 144 4
350 156 3
350 173 5
350 176 5
350 181 5
350 182 3
350 183 4
350 194 4
350 195 5
350 216 5
350 228 5
350 234 4
350 273 5
350 302 5
350 385 3
350 568 5
350 653 3
350 692 5
350 746 3
351 272 2
351 300 5
351 301 4
351 327 5
351 328 5
351 331 1
351 332 4
351 340 4
351 343 1
351 346 1
351 358 4
351 750 3
351 905 3
352 7 5
352 9 5
352 19 4
352 25 5
352 32 2
352 42 4
352 47 4
352 50 5
352 52 4
352 57 4
352 58 4
352 59 4
352 60 4
352 61 1
352 66 4
352 70 5
352 79 5
352 83 3
352 86 3
352 87 2
352 88 4
352 93 4
352 98 5
352 109 5
352 116 2
352 124 3
352 131 2
352 133 3
352 134 2
352 135 5
352 136 1
352 137 4
352 143 4
352 149 4
352 151 5
352 152 4
352 153 5
352 154 4
352 155 5
352 162 1
352 166 4
352 168 4
352 171 4
352 174 5
352 175 5
352 180 4
352 186 4
352 189 4
352 190 2
352 191 5
352 193 4
352 197 4
352 199 3
352 202 5
352 208 4
352 209 5
352 211 4
352 213 3
352 216 5
352 238 4
352 241 5
352 242 2
352 246 1
352 248 3
352 251 4
352 255 5
352 257 5
352 258 5
352 268 3
352 269 5
352 270 2
352 272 3
352 275 4
352 276 5
352 281 5
352 285 1
352 287 2
352 297 4
352 303 4
352 305 2
352 306 2
352 308 1
352 311 4
352 313 5
352 318 5
352 321 5
352 344 5
352 381 4
352 382 4
352 387 1
352 414 4
352 419 5
352 421 1
352 423 5
352 428 1
352 429 4
352 435 4
352 462 3
352 463 4
352 464 4
352 473 4
352 478 1
352 479 2
352 480 3
352 483 4
352 485 3
352 487 4
352 489 4
352 494 4
352 496 4
352 497 4
352 498 2
352 507 1
352 508 5
352 509 1
352 511 3
352 513 4
352 515 1
352 516 4
352 518 2
352 520 1
352 528 1
352 529 4
352 531 3
352 533 4
352 582 4
352 584 4
352 602 4
352 603 5
352 604 4
352 605 4
352 606 4
352 607 4
352 629 2
352 631 2
352 638 4
352 650 4
352 651 3
352 652 1
352 657 1
352 659 2
352 660 4
352 661 4
352 692 5
352 694 4
352 699 4
352 702 4
352 705 2
352 707 4
352 709 4
352 716 1
352 732 4
352 733 4
352 735 2
352 736 1
352 737 4
352 740 3
352 753 4
352 792 1
352 811 4
352 847 4
352 855 4
352 863 4
352 865 4
352 882 3
352 889 4
352 900 4
352 904 4
352 929 5
352 953 4
352 955 4
352 956 4
352 958 4
352 962 5
353 260 5
353 264 4
353 271 5
353 306 2
353 307 5
353 328 5
353 358 4
353 681 4
353 882 1
354 300 5
354 307 5
354 312 2
354 316 3
354 326 3
354 331 2
354 689 2
354 748 5
354 937 3
355 1 5
355 7 5
355 10 1
355 24 5
355 105 5
355 111 5
355 118 5
355 123 4
355 125 5
355 126 1
355 150 3
355 151 5
355 220 1
355 222 5
355 235 5
355 237 5
355 245 5
355 270 1
355 273 4
355 274 5
355 275 5
355 280 1
355 284 4
355 287 1
355 291 3
355 304 2
355 322 5
355 334 4
355 405 5
355 407 4
355 455 4
355 456 5
355 471 5
355 472 5
355 473 4
355 476 5
355 546 5
355 595 1
355 597 5
355 685 4
355 687 5
355 713 4
355 742 5
355 760 4
355 819 4
355 820 5
355 831 5
355 833 4
355 866 3
355 932 2
355 984 4
356 8 4
356 132 3
356 179 3
356 213 1
356 324 3
356 357 3
356 382 4
356 469 3
356 482 3
356 511 2
356 529 1
356 558 1
356 582 3
356 584 3
356 639 3
356 643 3
356 855 3
356 896 3
356 918 3
357 1 5
357 7 5
357 118 5
357 181 5
357 250 4
357 268 3
357 286 5
357 295 3
357 298 4
357 313 5
357 405 5
357 408 3
357 455 3
357 472 4
357 748 5
358 1 5
358 10 4
358 13 5
358 14 2
358 23 2
358 25 5
358 28 5
358 45 4
358 50 5
358 56 5
358 64 5
358 79 5
358 116 3
358 134 2
358 157 2
358 165 4
358 166 4
358 170 4
358 172 5
358 174 5
358 181 5
358 187 3
358 191 5
358 194 5
358 195 5
358 197 3
358 199 2
358 205 2
358 207 4
358 210 5
358 222 5
358 237 5
358 238 4
358 242 3
358 248 2
358 251 4
358 269 5
358 271 5
358 275 4
358 284 5
358 286 5
358 297 4
358 302 5
358 303 4
358 304 2
358 306 2
358 308 3
358 309 3
358 321 5
358 326 4
358 328 5
358 334 2
358 357 4
358 405 5
358 423 5
358 479 2
358 515 1
358 521 2
358 523 2
358 588 4
358 654 2
358 661 4
358 663 2
358 735 3
358 744 4
358 845 4
358 933 4
358 936 4
358 963 4
359 12 4
359 14 1
359 23 2
359 26 3
359 53 1
359 55 2
359 56 5
359 59 3
359 60 3
359 66 2
359 79 5
359 83 2
359 86 3
359 88 3
359 90 2
359 97 5
359 98 5
359 100 5
359 111 5
359 129 3
359 148 5
359 150 4
359 156 2
359 166 3
359 168 3
359 170 3
359 173 4
359 176 5
359 178 3
359 179 2
359 183 5
359 185 5
359 186 4
359 190 3
359 197 2
359 203 3
359 204 5
359 207 3
359 212 1
359 216 4
359 218 3
359 222 5
359 228 4
359 234 5
359 237 5
359 238 3
359 258 5
359 269 5
359 273 5
359 274 5
359 275 3
359 276 5
359 286 5
359 340 5
359 387 3
359 421 3
359 430 1
359 435 2
359 451 2
359 466 3
359 475 3
359 498 3
359 502 3
359 504 1
359 513 3
359 514 4
359 517 2
359 524 3
359 525 3
359 531 1
359 611 3
359 639 3
359 654 1
359 657 3
359 659 3
359 673 3
359 684 4
359 694 3
359 705 3
359 709 1
359 737 3
359 739 3
359 742 5
359 762 3
359 770 3
359 781 1
359 794 3
359 813 1
359 934 1
359 949 3
360 245 5
360 258 5
360 288 5
360 294 5
360 300 5
360 302 5
360 312 2
360 328 5
360 350 3
361 1 5
361 2 2
361 4 4
361 5 3
361 7 5
361 9 5
361 11 4
361 22 4
361 29 3
361 32 1
361 37 1
361 38 4
361 44 3
361 47 2
361 50 5
361 55 3
361 56 5
361 58 2
361 62 4
361 65 3
361 66 2
361 67 3
361 68 2
361 70 5
361 71 4
361 72 1
361 73 3
361 77 2
361 79 5
361 81 1
361 82 5
361 87 3
361 88 2
361 89 5
361 90 3
361 91 3
361 93 2
361 95 4
361 96 5
361 97 5
361 98 5
361 101 4
361 102 2
361 114 3
361 117 5
361 120 5
361 121 5
361 128 3
361 134 2
361 137 1
361 144 4
361 145 5
361 151 5
361 152 3
361 154 2
361 155 5
361 156 3
361 159 3
361 161 5
361 163 3
361 164 3
361 169 3
361 171 3
361 172 5
361 173 5
361 174 5
361 179 3
361 182 2
361 183 5
361 184 4
361 186 2
361 187 3
361 188 2
361 189 3
361 193 2
361 195 5
361 196 4
361 200 4
361 201 5
361 204 5
361 206 3
361 208 2
361 210 5
361 212 4
361 215 4
361 216 5
361 217 4
361 218 2
361 222 5
361 226 2
361 227 4
361 228 5
361 229 5
361 231 5
361 234 4
361 235 5
361 237 5
361 248 3
361 250 5
361 258 5
361 264 4
361 265 3
361 270 3
361 271 5
361 282 3
361 283 4
361 284 3
361 288 5
361 290 4
361 293 3
361 298 5
361 307 3
361 315 1
361 316 3
361 317 2
361 322 4
361 325 2
361 328 5
361 333 5
361 336 3
361 346 1
361 347 3
361 350 3
361 351 3
361 366 3
361 370 4
361 380 1
361 387 4
361 391 2
361 393 4
361 402 3
361 403 4
361 405 5
361 408 3
361 417 1
361 423 4
361 426 3
361 428 3
361 429 3
361 431 2
361 433 4
361 443 3
361 444 3
361 448 3
361 449 2
361 451 2
361 461 3
361 469 3
361 472 5
361 473 4
361 474 2
361 505 3
361 506 3
361 511 3
361 523 1
361 531 3
361 537 3
361 546 5
361 550 1
361 552 3
361 554 4
361 555 3
361 559 3
361 561 1
361 566 2
361 568 5
361 569 1
361 571 3
361 572 3
361 575 3
361 578 3
361 588 4
361 590 5
361 591 2
361 597 5
361 603 2
361 616 3
361 625 1
361 631 3
361 640 2
361 650 3
361 651 2
361 653 3
361 658 3
361 660 4
361 665 1
361 673 3
361 675 3
361 678 5
361 679 1
361 682 3
361 685 4
361 691 3
361 698 3
361 699 3
361 707 3
361 709 1
361 710 1
361 719 3
361 735 3
361 741 3
361 742 5
361 746 3
361 747 3
361 752 3
361 760 2
361 761 3
361 767 1
361 774 5
361 778 3
361 792 3
361 802 3
361 805 3
361 809 3
361 816 3
361 825 3
361 831 4
361 854 3
361 859 3
361 895 2
361 906 3
361 933 5
361 940 3
361 946 3
361 959 3
361 979 3
362 288 5
362 289 3
362 319 5
362 321 5
362 875 3
362 988 5
363 1 5
363 7 5
363 13 5
363 25 5
363 109 3
363 124 3
363 125 4
363 137 2
363 150 2
363 151 5
363 222 5
363 258 5
363 268 3
363 271 5
363 272 2
363 275 4
363 277 3
363 285 3
363 287 3
363 288 5
363 294 5
363 301 3
363 309 3
363 315 3
363 316 3
363 321 5
363 326 2
363 352 3
363 473 4
363 476 5
363 591 1
363 742 5
363 813 3
363 846 3
363 894 5
363 908 3
363 948 2
363 995 2
364 98 5
364 164 2
364 184 1
364 201 4
364 217 5
364 218 4
364 219 3
364 234 5
364 413 5
364 445 4
364 448 2
364 559 5
364 561 3
364 672 3
364 853 4
364 854 5
364 860 5
365 5 3
365 17 3
365 50 5
365 53 2
365 56 5
365 98 5
365 145 5
365 176 5
365 179 2
365 183 4
365 184 3
365 200 3
365 201 3
365 218 3
365 234 5
365 246 3
365 250 3
365 258 5
365 288 5
365 302 4
365 324 4
365 326 2
365 333 4
365 379 2
365 406 4
365 413 4
365 436 3
365 441 2
365 443 3
365 448 1
365 452 1
365 559 4
365 567 5
365 637 3
365 665 4
365 670 3
365 672 4
365 760 3
365 769 1
365 800 2
365 919 3
366 11 4
366 17 2
366 56 5
366 89 5
366 98 5
366 100 5
366 127 5
366 181 5
366 184 1
366 201 2
366 217 2
366 218 3
366 234 5
366 313 5
366 320 3
366 379 3
366 396 3
366 561 3
366 567 4
366 569 1
366 637 3
366 670 3
366 672 1
366 774 4
367 50 5
367 166 4
367 172 5
367 179 5
367 181 5
367 243 5
367 346 4
367 358 4
367 890 4
367 988 5
368 12 3
368 22 3
368 31 3
368 42 3
368 50 5
368 56 5
368 98 5
368 114 3
368 116 1
368 134 2
368 135 5
368 136 1
368 153 5
368 172 5
368 174 5
368 175 5
368 176 5
368 181 5
368 183 4
368 193 3
368 195 5
368 209 5
368 210 5
368 222 5
368 257 5
368 265 4
368 269 5
368 285 3
368 294 5
368 321 5
368 323 5
368 423 5
368 425 1
368 433 5
368 443 4
368 480 2
368 484 3
368 493 3
368 494 3
368 497 3
368 511 3
368 514 4
368 525 3
368 603 4
368 604 3
368 607 3
368 608 3
368 613 3
368 657 3
368 659 3
368 661 3
368 705 1
368 856 3
368 923 3
369 1 5
369 22 4
369 24 5
369 50 5
369 55 4
369 64 3
369 69 5
369 77 5
369 97 5
369 98 5
369 117 5
369 174 5
369 175 5
369 177 2
369 179 4
369 180 4
369 181 5
369 183 4
369 194 3
369 197 5
369 210 5
369 237 5
369 265 3
369 393 5
369 431 4
369 435 4
369 443 5
369 449 3
369 452 4
369 523 4
369 627 4
369 655 3
369 746 4
370 5 1
370 12 4
370 23 3
370 44 4
370 56 5
370 77 4
370 79 5
370 98 5
370 100 5
370 129 1
370 148 4
370 159 1
370 176 5
370 185 5
370 200 4
370 201 4
370 218 4
370 219 2
370 262 2
370 288 5
370 299 5
370 322 5
370 325 2
370 327 5
370 332 5
370 436 4
370 441 2
370 443 4
370 446 4
370 447 2
370 547 5
370 561 5
370 574 1
370 595 2
370 628 3
370 637 4
370 649 4
370 672 5
370 674 4
370 678 5
370 874 4
370 875 2
371 2 3
371 4 5
371 12 5
371 15 5
371 20 4
371 22 5
371 24 5
371 25 5
371 28 5
371 31 2
371 48 2
371 50 5
371 58 3
371 64 5
371 66 3
371 68 4
371 70 5
371 80 2
371 81 1
371 82 5
371 83 3
371 89 5
371 90 5
371 94 3
371 95 4
371 96 5
371 97 5
371 99 2
371 100 5
371 102 2
371 105 5
371 110 4
371 114 4
371 117 5
371 127 5
371 132 5
371 136 1
371 139 4
371 142 4
371 143 5
371 144 5
371 150 4
371 151 5
371 154 4
371 155 3
371 156 3
371 161 5
371 162 3
371 163 1
371 165 4
371 166 4
371 172 5
371 173 5
371 175 5
371 177 3
371 179 4
371 180 4
371 181 5
371 184 4
371 186 4
371 189 4
371 191 5
371 194 5
371 195 5
371 196 5
371 197 3
371 202 5
371 206 4
371 208 2
371 209 5
371 210 5
371 211 5
371 213 4
371 214 3
371 215 5
371 217 5
371 225 5
371 226 3
371 228 5
371 230 5
371 232 4
371 239 1
371 241 5
371 259 5
371 265 4
371 269 5
371 275 4
371 278 1
371 281 5
371 286 5
371 290 5
371 318 5
371 357 5
371 366 4
371 378 4
371 382 4
371 386 4
371 389 4
371 390 4
371 392 4
371 393 4
371 399 4
371 401 5
371 402 4
371 403 5
371 404 1
371 409 5
371 414 4
371 417 2
371 418 3
371 420 4
371 421 4
371 423 5
371 427 3
371 431 3
371 433 4
371 435 4
371 451 5
371 472 5
371 474 3
371 480 4
371 485 4
371 487 4
371 488 1
371 494 4
371 497 4
371 499 4
371 506 4
371 510 2
371 514 4
371 520 4
371 527 4
371 550 2
371 553 3
371 559 5
371 566 3
371 568 5
371 571 4
371 577 4
371 588 3
371 598 4
371 603 4
371 625 2
371 627 4
371 645 4
371 648 4
371 649 4
371 651 3
371 655 4
371 658 4
371 660 4
371 679 1
371 694 4
371 699 4
371 704 1
371 705 1
371 707 1
371 709 4
371 715 1
371 724 4
371 727 4
371 729 2
371 732 4
371 746 4
371 747 1
371 748 5
371 756 5
371 778 4
371 828 4
371 842 4
371 843 4
371 849 4
371 941 1
371 946 4
371 949 2
372 1 5
372 5 2
372 7 5
372 9 5
372 11 2
372 12 2
372 15 5
372 17 2
372 23 1
372 24 3
372 28 4
372 29 2
372 39 1
372 48 2
372 50 5
372 56 5
372 64 3
372 66 2
372 68 2
372 69 4
372 70 3
372 71 2
372 77 1
372 87 2
372 89 4
372 95 2
372 97 3
372 98 5
372 100 5
372 106 2
372 111 4
372 116 3
372 118 5
372 120 5
372 121 5
372 122 5
372 123 2
372 125 3
372 126 2
372 127 4
372 129 2
372 135 3
372 143 3
372 144 2
372 147 2
372 148 4
372 150 2
372 151 5
372 156 1
372 159 2
372 161 4
372 162 2
372 168 4
372 173 5
372 174 5
372 176 3
372 182 2
372 183 3
372 185 4
372 186 2
372 192 2
372 195 4
372 197 1
372 200 5
372 202 4
372 204 4
372 210 3
372 216 4
372 218 3
372 222 5
372 223 2
372 225 5
372 226 1
372 228 4
372 229 4
372 230 4
372 231 4
372 233 2
372 234 4
372 235 5
372 237 5
372 240 5
372 247 5
372 248 1
372 252 3
372 254 5
372 257 5
372 265 1
372 279 2
372 280 2
372 282 4
372 284 4
372 289 3
372 291 2
372 292 2
372 310 2
372 318 4
372 322 4
372 323 5
372 356 2
372 363 2
372 369 5
372 385 2
372 403 2
372 405 5
372 412 4
372 423 4
372 424 5
372 427 2
372 449 1
372 450 5
372 454 5
372 458 1
372 463 2
372 465 2
372 466 2
372 467 2
372 468 2
372 475 2
372 476 3
372 483 2
372 521 2
372 527 2
372 540 2
372 544 2
372 550 2
372 552 2
372 554 3
372 558 5
372 566 1
372 568 3
372 572 2
372 576 2
372 581 2
372 591 2
372 619 2
372 620 2
372 628 2
372 637 3
372 642 2
372 651 2
372 665 4
372 685 1
372 692 2
372 717 2
372 735 3
372 741 2
372 742 5
372 743 1
372 756 3
372 761 2
372 762 2
372 770 2
372 789 2
372 815 1
372 819 2
372 820 3
372 824 2
372 844 5
372 845 2
372 846 2
372 872 2
372 880 1
372 924 2
372 928 1
372 930 5
372 931 5
372 932 3
372 934 1
372 952 2
372 963 2
372 974 2
372 975 2
372 977 1
372 978 1
372 979 2
372 983 2
372 986 1
373 5 4
373 44 3
373 176 5
373 233 1
373 288 5
373 302 5
373 356 1
373 443 3
373 573 3
373 583 3
373 603 3
373 761 3
373 773 5
373 939 3
374 11 4
374 98 5
374 154 3
374 181 5
374 197 3
374 198 3
374 223 3
374 269 5
374 274 5
374 275 4
374 288 5
374 301 4
374 328 5
374 427 2
374 603 3
374 663 3
374 707 3
375 56 5
375 98 5
375 154 3
375 164 2
375 168 5
375 173 5
375 219 3
375 234 5
375 268 5
375 272 3
375 313 5
375 316 4
375 323 5
375 338 3
375 354 3
375 358 5
375 443 4
375 682 5
375 748 5
376 1 5
376 2 3
376 4 3
376 5 1
376 7 5
376 8 3
376 9 5
376 10 3
376 11 2
376 12 3
376 13 5
376 14 1
376 15 5
376 21 4
376 22 4
376 28 5
376 29 5
376 31 2
376 40 5
376 42 2
376 43 3
376 48 3
376 49 1
376 50 5
376 52 2
376 54 3
376 58 3
376 59 3
376 62 2
376 63 3
376 65 3
376 66 3
376 68 4
376 70 5
376 73 3
376 77 5
376 79 5
376 86 5
376 87 3
376 88 5
376 89 5
376 91 2
376 94 3
376 95 3
376 99 3
376 100 5
376 106 2
376 110 5
376 111 5
376 117 5
376 121 5
376 123 5
376 125 5
376 126 5
376 132 3
376 135 5
376 141 3
376 143 5
376 144 4
376 148 5
376 151 5
376 153 5
376 155 5
376 157 1
376 159 3
376 161 5
376 162 3
376 167 3
376 172 5
376 173 5
376 174 5
376 175 5
376 176 5
376 179 3
376 180 2
376 181 5
376 182 3
376 186 3
376 191 5
376 194 3
376 195 5
376 196 4
376 197 2
376 200 4
376 202 5
376 207 3
376 210 5
376 213 5
376 215 5
376 217 4
376 218 3
376 222 5
376 223 3
376 226 2
376 227 5
376 230 5
376 231 5
376 233 4
376 234 5
376 235 5
376 237 5
376 239 1
376 241 5
376 245 5
376 248 2
376 252 4
376 254 5
376 255 5
376 257 5
376 258 5
376 269 5
376 272 4
376 273 5
376 274 5
376 275 3
376 276 5
376 277 1
376 280 3
376 281 5
376 282 5
376 283 2
376 284 5
376 285 1
376 286 5
376 288 5
376 289 5
376 294 5
376 295 3
376 298 4
376 300 5
376 301 2
376 302 5
376 317 3
376 318 4
376 319 2
376 321 5
376 326 2
376 328 5
376 356 1
376 365 2
376 380 3
376 381 3
376 382 4
376 385 5
376 386 1
376 387 4
376 392 3
376 393 4
376 396 3
376 401 4
376 403 4
376 404 3
376 405 5
376 409 4
376 410 5
376 411 5
376 417 4
376 418 3
376 419 3
376 420 3
376 423 5
376 432 2
376 433 4
376 435 3
376 447 3
376 449 3
376 451 4
376 458 2
376 465 3
376 468 3
376 469 3
376 471 5
376 476 5
376 479 4
376 482 2
376 485 4
376 496 3
376 500 3
376 501 2
376 508 5
376 509 3
376 517 3
376 527 3
376 528 1
376 542 2
376 546 5
376 549 3
376 554 5
376 559 3
376 566 4
376 568 5
376 572 1
376 575 1
376 576 1
376 582 1
376 591 4
376 596 5
376 597 5
376 606 1
376 619 3
376 620 3
376 623 3
376 629 3
376 631 2
376 632 1
376 635 3
376 636 1
376 651 2
376 655 2
376 663 3
376 665 5
376 674 1
376 684 3
376 686 3
376 692 5
376 693 3
376 694 3
376 696 3
376 699 3
376 702 3
376 703 3
376 707 3
376 708 3
376 709 3
376 715 3
376 716 3
376 720 3
376 722 1
376 723 1
376 724 3
376 729 2
376 731 2
376 732 2
376 734 3
376 739 3
376 742 5
376 747 3
376 755 2
376 756 2
376 762 3
376 768 3
376 775 3
376 778 3
376 780 5
376 787 3
376 792 3
376 793 3
376 796 3
376 806 3
376 807 5
376 845 5
376 866 5
376 875 2
376 896 3
376 918 3
376 921 3
376 924 5
376 926 5
376 928 3
376 930 5
376 939 3
376 942 3
376 951 3
376 959 3
376 961 3
376 969 3
376 972 3
376 977 2
376 979 3
377 4 4
377 8 3
377 9 5
377 23 2
377 50 5
377 52 4
377 54 3
377 56 5
377 62 3
377 63 2
377 64 5
377 69 5
377 79 5
377 82 5
377 83 4
377 88 4
377 89 5
377 90 4
377 93 3
377 96 5
377 98 5
377 100 5
377 116 2
377 124 4
377 127 5
377 131 3
377 133 4
377 135 5
377 137 4
377 141 4
377 152 2
377 153 5
377 157 1
377 158 4
377 161 5
377 163 4
377 168 5
377 172 5
377 173 5
377 174 5
377 176 5
377 177 2
377 178 1
377 179 3
377 183 5
377 186 5
377 187 3
377 188 3
377 191 5
377 192 1
377 193 3
377 194 5
377 195 5
377 196 5
377 199 3
377 200 5
377 202 5
377 203 4
377 204 5
377 205 4
377 208 3
377 210 5
377 211 4
377 216 5
377 219 4
377 227 5
377 230 5
377 233 2
377 238 4
377 239 1
377 251 4
377 257 5
377 270 3
377 284 5
377 285 4
377 294 5
377 300 5
377 306 1
377 310 1
377 331 5
377 339 3
377 357 5
377 372 4
377 381 1
377 383 5
377 385 5
377 391 2
377 393 5
377 395 3
377 398 2
377 402 5
377 405 5
377 414 4
377 417 2
377 419 4
377 427 3
377 428 4
377 434 4
377 436 4
377 443 4
377 447 2
377 448 2
377 451 5
377 452 2
377 461 4
377 480 3
377 502 4
377 511 3
377 514 4
377 516 4
377 517 1
377 520 4
377 522 4
377 523 2
377 527 4
377 528 4
377 529 4
377 530 4
377 554 5
377 559 5
377 563 5
377 566 4
377 568 5
377 575 1
377 576 2
377 603 3
377 616 4
377 622 4
377 631 4
377 636 2
377 637 3
377 644 4
377 649 4
377 651 3
377 654 2
377 655 4
377 659 1
377 674 1
377 684 4
377 686 4
377 701 4
377 704 1
377 705 1
377 710 4
377 712 4
377 729 2
377 732 4
377 735 1
377 746 4
377 842 3
377 855 4
378 1 5
378 9 4
378 12 4
378 22 4
378 28 4
378 31 1
378 38 4
378 58 1
378 59 3
378 60 3
378 61 3
378 62 3
378 69 5
378 71 3
378 81 3
378 95 3
378 98 5
378 100 5
378 109 3
378 114 3
378 118 5
378 121 5
378 132 4
378 134 2
378 135 3
378 139 3
378 152 3
378 154 2
378 161 5
378 163 3
378 168 4
378 170 3
378 172 4
378 176 5
378 177 1
378 181 5
378 182 2
378 183 3
378 185 4
378 186 3
378 190 1
378 194 3
378 197 2
378 204 5
378 208 2
378 213 3
378 215 4
378 217 3
378 222 5
378 228 4
378 229 4
378 238 4
378 241 4
378 258 5
378 265 3
378 270 1
378 286 5
378 300 5
378 313 5
378 315 1
378 340 4
378 356 2
378 357 4
378 382 2
378 414 3
378 416 3
378 419 4
378 423 5
378 425 1
378 427 2
378 428 3
378 433 3
378 435 3
378 443 3
378 449 2
378 462 2
378 463 3
378 465 2
378 474 2
378 479 1
378 483 3
378 496 4
378 502 3
378 506 3
378 512 3
378 515 1
378 518 3
378 521 1
378 527 3
378 530 3
378 554 4
378 561 3
378 566 3
378 573 3
378 587 3
378 614 3
378 630 3
378 631 3
378 651 2
378 654 3
378 663 3
378 664 3
378 665 3
378 670 3
378 684 3
378 699 1
378 708 3
378 709 3
378 712 3
378 729 1
378 732 4
378 736 3
378 744 3
378 750 1
378 751 4
378 753 3
378 770 3
378 856 3
378 923 3
378 956 3
378 959 3
379 1 5
379 13 5
379 14 2
379 15 5
379 16 3
379 20 3
379 30 3
379 49 3
379 50 5
379 59 3
379 77 3
379 83 3
379 89 5
379 94 2
379 97 5
379 99 2
379 100 5
379 102 1
379 129 3
379 132 5
379 133 3
379 134 2
379 135 4
379 139 3
379 150 3
379 151 5
379 175 5
379 178 3
379 191 5
379 212 3
379 214 3
379 216 5
379 217 3
379 228 5
379 259 5
379 276 5
379 281 4
379 283 2
379 294 5
379 303 5
379 304 1
379 318 4
379 344 3
379 378 3
379 403 4
379 418 2
379 432 3
379 443 3
379 462 2
379 473 4
379 479 2
379 485 2
379 487 3
379 493 3
379 495 3
379 498 3
379 501 2
379 509 1
379 512 3
379 514 4
379 526 1
379 529 3
379 566 2
379 582 2
379 607 3
379 631 1
379 634 3
379 640 3
379 647 3
379 652 1
379 656 3
379 657 1
379 660 3
379 673 3
379 682 4
379 693 3
379 694 3
379 705 3
379 724 3
379 742 5
379 771 1
379 778 3
379 847 3
379 887 3
379 898 5
379 914 5
379 934 3
379 995 3
380 7 5
380 9 5
380 25 5
380 56 5
380 100 5
380 122 5
380 127 5
380 134 1
380 135 5
380 137 3
380 171 3
380 180 3
380 183 3
380 197 2
380 258 5
380 276 5
380 290 3
380 332 3
380 334 5
380 357 5
380 474 3
380 475 5
380 482 3
380 504 3
380 507 1
380 511 2
380 546 5
380 717 2
381 9 5
381 14 1
381 19 4
381 58 2
381 81 4
381 86 3
381 89 5
381 100 5
381 132 5
381 134 3
381 137 3
381 182 5
381 193 4
381 197 3
381 203 4
381 205 2
381 223 4
381 237 5
381 238 5
381 268 5
381 272 4
381 285 1
381 302 5
381 313 5
381 315 4
381 319 5
381 357 4
381 425 1
381 427 4
381 435 4
381 464 4
381 474 3
381 475 4
381 478 4
381 479 2
381 480 3
381 483 4
381 484 4
381 504 1
381 505 4
381 513 4
381 639 4
381 641 4
381 654 2
381 657 1
381 663 2
382 289 5
382 302 4
382 313 5
382 316 4
382 327 5
382 329 4
382 333 5
382 343 4
382 748 5
383 4 5
383 8 2
383 12 4
383 18 2
383 24 4
383 29 2
383 32 2
383 37 5
383 46 2
383 47 2
383 48 2
383 50 5
383 53 2
383 56 5
383 58 2
383 59 2
383 61 2
383 79 5
383 81 2
383 82 4
383 87 2
383 89 3
383 93 2
383 98 5
383 99 2
383 111 5
383 114 2
383 122 5
383 127 2
383 128 2
383 129 2
383 131 2
383 133 2
383 134 1
383 136 2
383 143 2
383 144 3
383 145 5
383 151 5
383 152 2
383 153 4
383 156 2
383 160 2
383 168 4
383 169 2
383 171 2
383 172 3
383 173 5
383 174 5
383 175 4
383 177 2
383 180 2
383 181 4
383 183 3
383 185 5
383 186 2
383 187 1
383 189 2
383 191 5
383 192 2
383 194 4
383 195 3
383 199 2
383 200 2
383 207 2
383 208 2
383 209 3
383 211 3
383 216 5
383 217 1
383 218 2
383 219 2
383 221 2
383 224 2
383 235 5
383 236 2
383 238 3
383 249 2
383 250 5
383 253 2
383 254 1
383 256 2
383 257 5
383 262 2
383 273 4
383 276 3
383 283 2
383 285 2
383 286 5
383 290 4
383 293 2
383 304 1
383 305 2
383 318 3
383 320 2
383 325 3
383 337 2
383 340 5
383 346 2
383 347 1
383 367 2
383 383 4
383 384 2
383 385 4
383 403 2
383 405 5
383 408 2
383 417 2
383 419 2
383 423 3
383 425 2
383 427 1
383 428 2
383 429 2
383 430 2
383 433 4
383 435 3
383 443 3
383 444 2
383 447 2
383 451 4
383 455 3
383 458 2
383 461 2
383 462 3
383 473 1
383 474 2
383 479 1
383 480 3
383 483 2
383 484 2
383 485 2
383 486 2
383 487 2
383 489 2
383 492 2
383 496 3
383 502 2
383 503 2
383 506 2
383 508 3
383 511 2
383 512 2
383 521 3
383 523 2
383 524 2
383 525 2
383 529 2
383 557 2
383 603 2
383 604 2
383 606 2
383 616 2
383 629 2
383 631 2
383 650 2
383 652 2
383 653 2
383 654 2
383 657 2
383 658 2
383 659 2
383 661 2
383 664 2
383 673 2
383 674 2
383 675 2
383 705 2
383 719 2
383 727 2
383 732 3
383 739 3
383 745 2
383 794 2
383 811 2
383 851 2
383 855 2
383 865 2
383 871 3
383 896 2
383 900 2
383 919 2
383 922 2
383 940 2
383 942 2
383 945 2
383 959 2
383 961 2
383 965 2
384 24 5
384 273 3
384 281 4
384 323 5
384 405 5
384 455 4
384 515 1
384 546 5
384 597 5
384 825 2
385 2 4
385 4 2
385 7 5
385 8 2
385 10 3
385 11 3
385 13 5
385 20 3
385 22 1
385 23 2
385 24 5
385 27 3
385 31 3
385 32 3
385 33 3
385 39 3
385 46 3
385 47 2
385 48 2
385 50 5
385 52 3
385 55 1
385 56 5
385 58 2
385 61 3
385 62 3
385 64 5
385 68 5
385 69 5
385 71 3
385 76 3
385 79 5
385 81 3
385 82 3
385 83 3
385 89 5
385 91 5
385 92 2
385 93 1
385 96 3
385 97 3
385 98 5
385 99 1
385 101 1
385 102 3
385 107 3
385 113 3
385 114 3
385 116 3
385 117 5
385 121 5
385 123 3
385 127 4
385 129 3
385 133 2
385 135 4
385 136 3
385 144 3
385 147 2
385 151 5
385 156 1
385 161 5
385 168 3
385 169 3
385 176 4
385 180 2
385 181 5
385 183 4
385 184 3
385 186 3
385 187 3
385 189 3
385 190 1
385 192 3
385 193 2
385 194 2
385 195 5
385 196 5
385 197 4
385 198 2
385 199 2
385 200 5
385 201 5
385 202 5
385 203 5
385 205 1
385 206 3
385 208 2
385 209 4
385 211 3
385 215 3
385 217 3
385 218 2
385 219 5
385 222 5
385 223 3
385 224 3
385 226 2
385 227 4
385 228 4
385 229 3
385 230 5
385 231 5
385 238 2
385 246 1
385 248 3
385 250 5
385 258 5
385 265 2
385 268 1
385 273 3
385 277 5
385 288 5
385 289 4
385 293 3
385 294 5
385 295 3
385 298 5
385 317 3
385 318 3
385 319 2
385 320 5
385 321 5
385 325 5
385 333 5
385 357 2
385 380 3
385 381 3
385 385 5
385 393 5
385 403 5
385 410 5
385 414 3
385 418 4
385 423 5
385 428 3
385 429 3
385 430 3
385 431 3
385 432 2
385 434 3
385 435 4
385 436 5
385 441 5
385 444 3
385 446 3
385 447 3
385 448 4
385 455 1
385 458 3
385 461 3
385 463 3
385 470 3
385 473 3
385 474 3
385 475 3
385 477 4
385 488 1
385 496 1
385 501 2
385 508 2
385 511 1
385 514 2
385 520 3
385 526 1
385 528 1
385 532 3
385 547 5
385 549 3
385 558 2
385 559 5
385 561 4
385 564 5
385 566 4
385 569 3
385 578 2
385 580 3
385 582 3
385 583 3
385 593 3
385 603 4
385 619 3
385 625 2
385 642 1
385 650 1
385 651 1
385 659 3
385 672 5
385 674 2
385 678 5
385 679 3
385 684 3
385 692 5
385 693 3
385 697 3
385 732 4
385 735 2
385 737 3
385 742 5
385 744 1
385 746 3
385 768 3
385 769 3
385 772 5
385 773 5
385 774 3
385 789 3
385 790 1
385 806 3
385 844 5
385 845 5
385 854 5
385 919 3
385 943 3
385 952 3
385 969 3
385 972 3
385 984 5
386 1 5
386 5 4
386 56 5
386 100 5
386 111 5
386 147 5
386 184 2
386 237 5
386 259 5
386 300 5
386 301 4
386 302 5
386 307 5
386 310 3
386 313 5
386 315 1
386 323 5
386 326 3
386 333 4
386 508 5
386 569 5
386 596 5
386 628 4
386 678 5
386 680 2
386 682 2
386 690 2
386 742 5
386 769 4
386 816 4
386 845 4
386 871 5
387 4 4
387 8 3
387 23 1
387 25 5
387 28 4
387 29 4
387 38 4
387 40 3
387 42 4
387 47 4
387 50 5
387 53 3
387 56 5
387 59 3
387 64 5
387 65 3
387 71 4
387 72 3
387 77 3
387 79 5
387 80 5
387 81 1
387 82 5
387 88 3
387 90 3
387 94 2
387 95 3
387 98 5
387 99 2
387 100 5
387 105 1
387 109 4
387 111 5
387 118 5
387 124 3
387 127 5
387 131 1
387 132 4
387 136 3
387 142 3
387 151 5
387 152 3
387 153 5
387 154 2
387 159 3
387 160 3
387 167 3
387 168 4
387 172 5
387 173 5
387 174 5
387 176 5
387 178 1
387 179 3
387 181 5
387 185 5
387 186 3
387 191 5
387 194 3
387 197 2
387 202 4
387 204 5
387 205 1
387 208 2
387 210 5
387 211 4
387 216 5
387 217 3
387 234 5
387 238 4
387 249 2
387 275 5
387 283 2
387 285 3
387 300 5
387 301 5
387 378 3
387 383 5
387 384 5
387 393 5
387 395 3
387 396 1
387 401 4
387 402 4
387 404 3
387 407 5
387 410 5
387 411 5
387 414 3
387 416 3
387 420 3
387 423 4
387 427 3
387 428 3
387 429 3
387 435 3
387 451 4
387 454 3
387 467 3
387 471 5
387 474 1
387 475 2
387 477 4
387 478 3
387 479 2
387 480 2
387 481 3
387 483 3
387 484 3
387 490 3
387 491 3
387 492 3
387 493 3
387 496 3
387 497 3
387 498 1
387 499 3
387 501 2
387 503 3
387 504 1
387 506 3
387 507 3
387 509 1
387 510 3
387 514 4
387 517 2
387 518 3
387 519 3
387 520 3
387 525 3
387 526 1
387 527 3
387 531 3
387 550 2
387 558 5
387 568 5
387 583 3
387 584 3
387 588 3
387 591 1
387 602 3
387 604 3
387 605 3
387 607 3
387 610 3
387 612 3
387 613 3
387 616 3
387 630 3
387 631 2
387 642 1
387 649 3
387 656 3
387 657 3
387 661 3
387 662 3
387 674 3
387 693 3
387 699 3
387 700 3
387 705 1
387 712 3
387 715 3
387 731 3
387 732 4
387 736 3
387 739 3
387 756 4
387 785 1
387 792 3
387 820 5
387 824 3
387 835 3
387 836 3
387 845 4
387 847 3
387 923 3
387 926 4
387 942 3
387 945 3
387 954 3
387 955 3
387 965 3
387 997 3
388 9 5
388 100 5
388 126 1
388 283 2
388 289 5
388 302 5
388 319 5
388 328 5
388 329 2
388 331 5
388 515 1
388 713 4
388 742 5
388 845 4
388 989 4
388 990 2
389 8 4
389 9 5
389 12 5
389 15 5
389 26 4
389 47 3
389 48 2
389 56 5
389 58 3
389 59 4
389 60 4
389 61 4
389 64 5
389 69 5
389 71 4
389 76 4
389 89 5
389 97 5
389 100 5
389 132 4
389 134 3
389 148 5
389 168 5
389 173 5
389 182 4
389 188 2
389 191 5
389 195 5
389 197 3
389 200 4
389 203 4
389 204 5
389 205 4
389 213 3
389 215 5
389 222 5
389 234 5
389 237 5
389 258 5
389 264 4
389 276 5
389 282 3
389 286 5
389 288 5
389 294 5
389 300 5
389 318 4
389 328 5
389 334 2
389 357 4
389 421 1
389 458 3
389 460 4
389 462 3
389 471 5
389 474 4
389 479 2
389 480 3
389 482 4
389 483 4
389 490 4
389 491 4
389 497 4
389 498 1
389 504 4
389 508 4
389 510 2
389 527 4
389 530 1
389 544 3
389 546 5
389 603 4
389 604 4
389 628 3
389 659 2
389 661 4
389 678 5
389 748 5
389 772 4
389 774 4
389 924 4
389 963 4
390 8 3
390 23 2
390 50 5
390 58 3
390 59 3
390 98 5
390 99 5
390 129 3
390 134 4
390 165 3
390 166 3
390 169 3
390 170 3
390 172 4
390 173 4
390 178 3
390 179 4
390 180 4
390 181 5
390 189 3
390 191 5
390 197 2
390 199 3
390 200 5
390 209 5
390 244 3
390 246 3
390 248 2
390 249 3
390 250 5
390 255 5
390 257 5
390 258 5
390 268 3
390 270 2
390 271 5
390 272 4
390 276 5
390 286 5
390 288 5
390 289 3
390 293 3
390 294 5
390 297 3
390 298 5
390 300 5
390 302 5
390 303 3
390 304 5
390 312 3
390 313 5
390 319 1
390 323 5
390 324 3
390 325 3
390 333 5
390 344 3
390 345 3
390 463 3
390 482 1
390 488 3
390 491 3
390 492 3
390 493 3
390 511 3
390 515 2
390 534 3
390 538 3
390 615 3
390 632 3
390 650 3
390 663 3
390 705 3
390 813 1
390 847 3
390 872 3
390 873 3
390 880 3
391 2 1
391 3 3
391 4 2
391 5 1
391 7 5
391 11 5
391 12 2
391 15 5
391 17 5
391 21 5
391 22 3
391 24 5
391 25 5
391 26 3
391 27 1
391 28 4
391 29 4
391 31 2
391 36 1
391 38 3
391 40 3
391 41 5
391 42 1
391 48 1
391 49 1
391 50 5
391 51 3
391 54 5
391 55 2
391 56 5
391 58 1
391 62 3
391 64 4
391 65 1
391 67 5
391 68 4
391 69 5
391 70 5
391 71 3
391 72 2
391 78 5
391 79 5
391 81 3
391 83 2
391 85 3
391 86 2
391 87 3
391 88 3
391 89 5
391 90 3
391 94 2
391 95 3
391 99 3
391 100 5
391 105 5
391 108 3
391 109 4
391 110 5
391 111 4
391 117 5
391 118 5
391 122 5
391 123 2
391 126 5
391 128 2
391 132 3
391 135 5
391 136 3
391 138 5
391 139 2
391 142 1
391 144 3
391 147 4
391 148 4
391 153 5
391 154 2
391 161 5
391 168 5
391 169 2
391 172 5
391 173 5
391 181 5
391 184 3
391 186 4
391 189 3
391 191 5
391 194 2
391 196 5
391 202 4
391 203 3
391 204 5
391 206 3
391 215 4
391 222 5
391 227 5
391 228 5
391 233 3
391 239 3
391 240 5
391 241 3
391 243 5
391 245 5
391 252 5
391 255 5
391 257 5
391 258 5
391 265 3
391 270 1
391 271 5
391 273 4
391 274 5
391 275 2
391 278 3
391 280 3
391 281 5
391 283 1
391 290 2
391 291 3
391 294 5
391 298 5
391 303 4
391 313 5
391 316 3
391 317 3
391 318 4
391 321 5
391 323 5
391 328 5
391 333 5
391 338 5
391 342 3
391 344 5
391 347 3
391 349 5
391 354 3
391 355 3
391 356 1
391 357 5
391 362 3
391 363 1
391 364 3
391 365 3
391 366 3
391 369 4
391 373 3
391 374 3
391 376 3
391 377 5
391 378 3
391 380 5
391 385 4
391 386 4
391 391 2
391 393 3
391 394 2
391 396 1
391 402 3
391 403 5
391 404 2
391 409 5
391 410 5
391 412 4
391 415 3
391 417 1
391 418 2
391 419 5
391 420 3
391 421 2
391 431 2
391 443 3
391 456 5
391 459 3
391 463 3
391 465 3
391 470 4
391 471 5
391 472 4
391 473 5
391 476 5
391 477 2
391 480 3
391 494 3
391 496 2
391 497 3
391 501 3
391 527 4
391 538 5
391 539 4
391 540 3
391 544 4
391 546 5
391 550 1
391 552 3
391 553 2
391 554 3
391 559 3
391 561 5
391 566 2
391 568 4
391 569 3
391 571 3
391 576 1
391 578 1
391 588 2
391 591 3
391 596 4
391 597 5
391 620 3
391 622 3
391 623 2
391 628 4
391 630 3
391 633 3
391 636 2
391 644 3
391 651 2
391 655 3
391 659 3
391 672 5
391 681 5
391 683 4
391 685 3
391 686 3
391 687 5
391 690 5
391 692 5
391 696 3
391 705 1
391 710 3
391 715 1
391 717 5
391 721 3
391 722 3
391 725 3
391 728 3
391 731 3
391 737 3
391 739 1
391 742 5
391 747 3
391 751 2
391 755 3
391 756 4
391 763 4
391 771 1
391 775 3
391 778 3
391 779 3
391 780 4
391 781 3
391 783 3
391 789 3
391 792 3
391 794 3
391 797 3
391 802 3
391 805 3
391 808 2
391 810 3
391 812 1
391 815 3
391 821 3
391 824 1
391 825 3
391 826 3
391 831 3
391 836 2
391 840 2
391 841 1
391 842 3
391 843 3
391 845 3
391 870 3
391 871 5
391 876 5
391 879 5
391 890 5
391 905 3
391 922 3
391 924 1
391 926 2
391 929 3
391 930 5
391 932 3
391 939 3
391 940 2
391 944 3
391 949 3
391 951 3
391 953 3
391 964 3
391 977 4
391 996 3
391 997 3
391 999 3
391 1000 3
392 1 5
392 4 4
392 7 5
392 22 4
392 28 4
392 31 2
392 38 4
392 42 2
392 50 5
392 56 5
392 67 4
392 68 3
392 72 4
392 73 1
392 79 5
392 84 3
392 88 3
392 96 5
392 97 4
392 98 5
392 101 2
392 109 4
392 117 5
392 121 5
392 128 2
392 132 4
392 144 4
392 154 1
392 156 3
392 158 3
392 161 5
392 164 4
392 172 4
392 174 5
392 179 4
392 181 5
392 184 2
392 186 4
392 195 5
392 208 1
392 210 5
392 216 4
392 217 3
392 218 4
392 226 2
392 227 5
392 228 5
392 229 5
392 230 5
392 232 3
392 233 1
392 238 4
392 250 5
392 257 5
392 265 3
392 288 5
392 313 5
392 364 3
392 383 4
392 385 5
392 386 2
392 402 4
392 411 5
392 416 1
392 423 5
392 433 4
392 449 2
392 450 5
392 455 4
392 496 3
392 508 4
392 541 1
392 550 2
392 552 3
392 559 5
392 561 4
392 568 3
392 576 2
392 597 5
392 655 4
392 658 3
392 665 4
392 679 2
392 739 3
392 746 3
392 763 4
392 771 1
392 773 5
392 780 4
392 797 3
392 802 3
393 1 5
393 15 5
393 50 5
393 64 5
393 89 5
393 97 5
393 98 5
393 100 5
393 121 5
393 151 5
393 154 3
393 174 5
393 186 4
393 216 5
393 231 5
393 237 5
393 240 5
393 252 4
393 255 4
393 257 5
393 313 5
393 315 2
393 328 5
393 342 4
393 378 1
393 423 5
393 458 3
393 472 5
393 596 5
393 739 4
393 892 2
393 924 3
394 1 5
394 9 5
394 25 5
394 100 5
394 106 1
394 117 5
394 121 5
394 125 5
394 148 2
394 237 5
394 245 5
394 260 5
394 274 3
394 282 3
394 288 5
394 300 5
394 322 5
394 333 4
394 471 3
394 591 1
394 597 5
394 678 5
394 717 3
394 742 4
394 751 5
394 829 3
394 840 3
394 841 1
394 871 4
394 977 3
394 986 1
395 7 5
395 22 4
395 23 2
395 50 5
395 56 5
395 95 2
395 100 5
395 108 3
395 117 5
395 127 5
395 134 3
395 135 5
395 171 3
395 172 5
395 174 5
395 177 1
395 178 3
395 183 4
395 192 3
395 194 3
395 195 4
395 197 4
395 199 1
395 210 5
395 221 3
395 261 5
395 268 3
395 273 5
395 286 5
395 288 5
395 302 5
395 313 5
395 318 4
395 322 5
395 324 5
395 325 2
395 332 4
395 334 3
395 338 5
395 340 5
395 345 3
395 390 3
395 423 5
395 435 4
395 457 3
395 475 4
395 483 3
395 498 3
395 504 3
395 513 3
395 588 2
395 611 3
395 615 3
395 641 3
395 657 1
395 680 3
395 705 3
395 748 5
395 751 4
395 853 3
395 855 3
395 878 3
395 894 3
395 988 3
395 989 3
395 991 3
396 2 3
396 4 4
396 12 5
396 13 5
396 15 5
396 25 5
396 28 5
396 31 2
396 47 4
396 49 1
396 50 5
396 56 5
396 63 1
396 64 5
396 65 2
396 66 4
396 69 5
396 70 5
396 72 3
396 73 2
396 82 5
396 85 4
396 87 2
396 94 3
396 95 4
396 117 5
396 124 3
396 125 4
396 126 2
396 127 5
396 132 5
396 134 3
396 144 5
396 152 4
396 154 3
396 158 4
396 159 4
396 163 3
396 167 4
396 168 5
396 172 5
396 174 5
396 176 5
396 178 2
396 181 5
396 182 4
396 183 4
396 186 4
396 191 5
396 194 5
396 196 5
396 197 3
396 199 3
396 202 5
396 203 4
396 204 5
396 211 4
396 216 5
396 228 5
396 229 5
396 230 5
396 234 5
396 235 5
396 239 1
396 274 4
396 276 5
396 284 5
396 357 4
396 385 4
396 393 5
396 399 4
396 403 5
396 414 4
396 417 3
396 423 5
396 429 4
396 430 4
396 432 5
396 435 4
396 474 3
396 476 5
396 479 3
396 480 4
396 481 4
396 485 4
396 491 4
396 493 4
396 494 4
396 496 3
396 497 4
396 498 2
396 501 3
396 502 4
396 504 1
396 510 2
396 514 4
396 519 4
396 520 4
396 521 2
396 523 3
396 525 4
396 588 5
396 589 4
396 591 3
396 602 4
396 654 2
396 659 1
396 661 4
396 663 1
396 700 4
396 710 4
396 715 4
396 732 4
396 735 1
396 737 4
396 756 5
396 796 4
396 953 4
396 969 4
396 991 4
396 993 4
397 2 2
397 5 2
397 8 3
397 9 4
397 12 3
397 15 5
397 22 2
397 26 2
397 33 2
397 38 2
397 41 3
397 42 2
397 43 2
397 48 2
397 50 5
397 53 3
397 55 1
397 56 5
397 57 2
397 58 1
397 62 3
397 63 2
397 64 4
397 66 1
397 67 4
397 68 1
397 69 4
397 71 2
397 72 1
397 73 2
397 77 2
397 79 5
397 80 3
397 84 2
397 91 2
397 93 2
397 94 1
397 95 2
397 97 4
397 98 5
397 99 2
397 102 2
397 110 1
397 114 2
397 117 5
397 118 5
397 121 5
397 127 5
397 128 2
397 132 4
397 140 2
397 143 3
397 144 3
397 147 3
397 148 2
397 153 2
397 155 2
397 156 2
397 157 2
397 161 4
397 164 2
397 168 4
397 172 4
397 174 5
397 175 3
397 179 1
397 180 2
397 181 5
397 186 2
397 187 1
397 188 2
397 195 3
397 196 3
397 203 2
397 204 4
397 210 3
397 214 3
397 215 3
397 219 2
397 223 2
397 227 3
397 228 5
397 229 4
397 230 3
397 231 5
397 233 2
397 234 4
397 237 5
397 238 2
397 239 2
397 241 3
397 264 2
397 265 2
397 268 2
397 273 4
397 274 4
397 276 5
397 282 3
397 284 3
397 288 5
397 289 5
397 291 1
397 295 2
397 301 2
397 307 3
397 318 3
397 323 5
397 332 1
397 338 2
397 340 3
397 364 5
397 372 2
397 378 2
397 380 1
397 382 2
397 383 5
397 384 3
397 385 3
397 386 4
397 388 2
397 389 2
397 395 2
397 399 2
397 400 2
397 401 4
397 402 2
397 403 3
397 405 5
397 407 5
397 412 5
397 413 4
397 418 1
397 420 2
397 423 3
397 431 2
397 432 1
397 436 2
397 444 2
397 450 4
397 451 2
397 452 2
397 454 2
397 455 2
397 459 2
397 470 2
397 471 3
397 475 1
397 486 2
397 496 2
397 501 1
397 506 2
397 508 2
397 527 2
397 531 2
397 543 2
397 544 1
397 546 5
397 549 2
397 550 1
397 554 3
397 559 2
397 564 3
397 566 2
397 568 3
397 575 2
397 576 1
397 578 2
397 582 1
397 588 2
397 591 2
397 597 5
397 616 2
397 622 2
397 628 2
397 633 2
397 651 1
397 655 2
397 660 1
397 679 2
397 684 3
397 693 2
397 697 2
397 710 1
397 720 3
397 722 2
397 727 2
397 732 3
397 735 2
397 738 2
397 742 4
397 744 2
397 746 2
397 747 2
397 754 3
397 755 2
397 760 4
397 763 4
397 768 2
397 772 2
397 774 2
397 779 2
397 781 2
397 806 2
397 809 2
397 813 2
397 817 2
397 824 2
397 825 2
397 826 5
397 845 1
397 924 4
397 926 2
397 928 1
397 941 5
397 946 2
397 959 2
397 969 2
397 975 2
397 977 2
397 986 1
398 258 5
398 259 5
398 288 5
398 294 5
398 304 1
398 307 5
398 321 5
398 323 5
398 689 3
399 1 5
399 9 4
399 11 3
399 13 5
399 14 1
399 26 2
399 44 2
399 50 5
399 64 4
399 65 2
399 70 5
399 71 3
399 83 2
399 97 4
399 100 5
399 111 5
399 117 5
399 121 5
399 127 5
399 133 1
399 135 4
399 143 4
399 144 3
399 147 2
399 151 5
399 153 4
399 154 1
399 157 2
399 161 5
399 162 2
399 168 4
399 172 5
399 173 4
399 174 5
399 181 5
399 194 3
399 196 3
399 197 2
399 198 2
399 199 2
399 202 5
399 204 5
399 210 5
399 225 2
399 235 5
399 237 5
399 248 2
399 257 3
399 272 2
399 273 3
399 275 2
399 276 5
399 280 2
399 282 2
399 294 5
399 302 4
399 312 1
399 315 2
399 316 2
399 318 3
399 321 4
399 322 5
399 328 5
399 357 4
399 365 2
399 371 1
399 385 2
399 404 2
399 430 2
399 435 3
399 451 3
399 462 2
399 471 2
399 478 2
399 481 2
399 484 2
399 485 2
399 486 2
399 493 2
399 499 2
399 501 2
399 507 1
399 508 4
399 509 2
399 511 1
399 515 2
399 519 2
399 520 2
399 527 2
399 528 2
399 535 2
399 553 1
399 566 2
399 582 2
399 603 2
399 604 2
399 609 2
399 630 2
399 632 2
399 638 2
399 651 1
399 654 2
399 655 3
399 659 2
399 661 2
399 684 2
399 707 2
399 724 2
399 735 2
399 748 5
399 762 2
399 815 1
399 866 1
399 892 1
400 1 5
400 9 5
400 10 4
400 13 5
400 16 4
400 19 4
400 25 5
400 42 2
400 48 2
400 50 5
400 96 5
400 111 5
400 116 3
400 117 5
400 124 4
400 126 1
400 127 5
400 135 5
400 151 5
400 182 4
400 204 5
400 222 5
400 234 5
400 237 5
400 245 5
400 255 4
400 273 4
400 276 5
400 286 5
400 455 5
400 471 5
400 475 5
400 476 5
400 480 3
400 483 4
400 511 3
400 529 1
400 591 2
400 628 3
400 696 4
400 764 1
